// General information: 
//  MT Manager version: 2019.0.1 
//  XDA version: 2019.0.1 build 2740 rev 84096 built on 2019-01-30
// Device information: 
//  DeviceId: 00B4381A
//  ProductCode: MTW2-3A7G6
//  Firmware Version: 4.3.4
//  Hardware Version: 1.1.0
// Device settings: 
//  Filter Profile: human(46.1)
//  Option Flags: Orientation Smoother Disabled, AHS Disabled, ICC Disabled
// Coordinate system: ENU
PacketCounter,SampleTimeFine,Acc_X,Acc_Y,Acc_Z,FreeAcc_E,FreeAcc_N,FreeAcc_U,Gyr_X,Gyr_Y,Gyr_Z,Quat_q0,Quat_q1,Quat_q2,Quat_q3,Roll,Pitch,Yaw
51571,NaN,-0.512762,9.645245,-1.001036,0.103869,-0.266166,-0.106292,-0.001954,-0.020722,0.002250,0.390683,0.419251,0.613348,0.543506,95.967480,1.347649,110.077158
51572,NaN,-0.512220,9.656228,-1.059822,0.050220,-0.283092,-0.089228,0.004972,-0.030455,-0.006707,0.390800,0.419320,0.613365,0.543350,95.976514,1.359755,110.059034
51573,NaN,-0.497319,9.683139,-0.993972,0.109705,-0.242717,-0.069611,0.005728,-0.043251,-0.007822,0.390961,0.419427,0.613357,0.543162,95.985709,1.373124,110.032935
51574,NaN,-0.423228,9.752359,-0.878531,0.198972,-0.127449,-0.014544,0.003002,-0.053264,-0.007289,0.391153,0.419552,0.613324,0.542963,95.993293,1.386930,110.001849
51575,NaN,-0.585266,10.054554,-0.449271,0.683459,-0.114992,0.245051,0.002001,-0.058568,0.000146,0.391345,0.419716,0.613260,0.542770,96.000054,1.396670,109.966864
51576,NaN,-0.814197,10.585166,0.012263,1.241432,-0.142815,0.729953,-0.007118,-0.057966,0.014194,0.391515,0.419900,0.613146,0.542635,96.001734,1.398523,109.931813
51577,NaN,-0.697378,10.949427,0.217122,1.424522,0.055932,1.068078,-0.041055,-0.068780,0.018070,0.391780,0.420061,0.612907,0.542589,95.983542,1.398691,109.890024
51578,NaN,-0.434292,10.807029,0.273338,1.368363,0.311624,0.915111,-0.103316,-0.050820,-0.000917,0.392171,0.419991,0.612577,0.542733,95.930222,1.408703,109.859943
51579,NaN,-0.565642,10.665082,0.107958,1.231569,0.121588,0.795988,-0.179648,-0.016085,-0.017389,0.392664,0.419629,0.612138,0.543151,95.833267,1.425972,109.849941
51580,NaN,-0.931999,10.721793,-0.043922,1.195505,-0.275836,0.879460,-0.284041,-0.009019,-0.013704,0.393340,0.419051,0.611425,0.543911,95.676998,1.440766,109.844397
51581,NaN,-1.141187,10.830839,-0.161461,1.131585,-0.516361,1.008042,-0.392720,-0.053911,0.008837,0.394324,0.418452,0.610274,0.544951,95.457260,1.445186,109.811159
51582,NaN,-1.173045,10.740374,-0.283838,0.975945,-0.608578,0.933901,-0.489139,-0.126615,0.022751,0.395686,0.417898,0.608691,0.546158,95.181733,1.445387,109.736457
51583,NaN,-1.372992,10.664431,-0.467358,0.812100,-0.883553,0.882784,-0.560348,-0.239256,0.054938,0.397458,0.417610,0.606611,0.547405,94.863133,1.432607,109.594654
51584,NaN,-1.304502,10.588398,-0.600645,0.598894,-0.893757,0.818343,-0.605689,-0.387143,0.094689,0.399651,0.417748,0.604030,0.548555,94.517097,1.403114,109.367767
51585,NaN,-1.074144,10.195078,-0.760810,0.285652,-0.776814,0.433622,-0.572543,-0.583076,0.125918,0.402286,0.418582,0.601067,0.549248,94.186662,1.363231,109.026305
51586,NaN,-0.693219,9.726119,-0.971980,-0.116937,-0.532034,-0.028734,-0.458455,-0.644273,0.153153,0.404774,0.419885,0.598235,0.549518,93.921836,1.308224,108.650402
51587,NaN,-0.158283,9.384613,-1.319841,-0.671650,-0.169420,-0.359746,-0.318167,-0.600329,0.156825,0.406832,0.421360,0.595853,0.549457,93.737423,1.248341,108.298157
51588,NaN,0.178282,9.103605,-1.631273,-1.107686,0.029288,-0.628973,-0.185022,-0.461130,0.145933,0.408209,0.422683,0.594145,0.549268,93.632273,1.188297,108.027640
51589,NaN,0.267016,8.939879,-1.905621,-1.412412,0.015524,-0.777812,-0.070769,-0.307889,0.125086,0.408951,0.423756,0.593101,0.549018,93.594233,1.134458,107.844806
51590,NaN,0.212167,8.714459,-2.046897,-1.541560,-0.092753,-0.992734,0.012489,-0.175011,0.104485,0.409171,0.424572,0.592605,0.548760,93.605960,1.087422,107.739520
51591,NaN,0.232238,8.529754,-2.042779,-1.547393,-0.081868,-1.176575,0.079989,-0.069544,0.080958,0.409006,0.425168,0.592554,0.548475,93.657269,1.050190,107.694593
51592,NaN,0.223260,8.395585,-2.000132,-1.500514,-0.083441,-1.311058,0.133060,0.026304,0.054850,0.408510,0.425530,0.592905,0.548186,93.740329,1.024274,107.706188
51593,NaN,0.101590,8.319395,-1.843008,-1.304244,-0.153475,-1.392788,0.173417,0.091397,0.020977,0.407832,0.425698,0.593567,0.547843,93.846991,1.015328,107.755463
51594,NaN,0.111125,8.365207,-1.663908,-1.117574,-0.084158,-1.356829,0.212265,0.114499,-0.014507,0.407095,0.425774,0.594461,0.547363,93.976373,1.025568,107.820094
51595,NaN,0.189501,8.493631,-1.511310,-0.970389,0.049655,-1.238448,0.237616,0.139245,-0.052769,0.406339,0.425722,0.595552,0.546779,94.120474,1.056592,107.899676
51596,NaN,0.286214,8.694348,-1.447204,-0.907542,0.180785,-1.042759,0.248875,0.152835,-0.093408,0.405624,0.425530,0.596789,0.546110,94.271381,1.109990,107.989577
51597,NaN,0.357695,8.887988,-1.375138,-0.830162,0.294011,-0.855030,0.242755,0.168109,-0.131420,0.404983,0.425174,0.598117,0.545410,94.419038,1.184247,108.089250
51598,NaN,0.416673,9.155006,-1.328046,-0.768841,0.394670,-0.592897,0.234524,0.186072,-0.169535,0.404405,0.424633,0.599542,0.544696,94.562443,1.279174,108.201835
51599,NaN,0.438670,9.385841,-1.257272,-0.677937,0.469647,-0.368803,0.208060,0.196465,-0.201912,0.403942,0.423915,0.600979,0.544014,94.691059,1.391837,108.321368
51600,NaN,0.404200,9.623617,-1.172758,-0.558528,0.498538,-0.138381,0.180715,0.213241,-0.222436,0.403538,0.423030,0.602420,0.543409,94.804537,1.515176,108.452416
51601,NaN,0.383957,9.824372,-0.941745,-0.310321,0.587100,0.041832,0.151469,0.209081,-0.231451,0.403234,0.422072,0.603787,0.542861,94.901519,1.643562,108.581101
51602,NaN,0.415433,9.925249,-0.872861,-0.241463,0.669146,0.134117,0.128807,0.194717,-0.222408,0.402992,0.421130,0.605046,0.542371,94.985531,1.767351,108.702005
51603,NaN,0.335949,10.017386,-0.741995,-0.080971,0.664120,0.215462,0.103070,0.157742,-0.201285,0.402861,0.420303,0.606113,0.541919,95.054365,1.880657,108.800331
51604,NaN,0.229894,10.054439,-0.661244,0.035625,0.612299,0.247414,0.080534,0.103608,-0.161946,0.402831,0.419692,0.606927,0.541502,95.109344,1.974272,108.866452
51605,NaN,0.180884,10.085783,-0.590107,0.123765,0.606591,0.272980,0.056482,0.029224,-0.107890,0.402933,0.419401,0.607411,0.541110,95.149054,2.040620,108.886926
51606,NaN,0.146548,10.044986,-0.491294,0.227949,0.613429,0.224061,0.040058,-0.051647,-0.044393,0.403141,0.419485,0.607556,0.540727,95.177596,2.075066,108.858470
51607,NaN,0.063717,9.983065,-0.476413,0.267556,0.540028,0.163755,0.025503,-0.133748,0.019027,0.403459,0.419957,0.607361,0.540342,95.195943,2.077367,108.779471
51608,NaN,0.023705,9.928357,-0.499877,0.258514,0.489620,0.112843,0.020975,-0.204811,0.079041,0.403838,0.420791,0.606886,0.539944,95.210169,2.049361,108.657170
51609,NaN,0.015013,9.902256,-0.567957,0.200330,0.451967,0.093526,0.015621,-0.261206,0.122433,0.404282,0.421900,0.606188,0.539530,95.220134,1.999299,108.500093
51610,NaN,0.090503,9.937713,-0.654470,0.103299,0.489182,0.134406,0.012996,-0.293534,0.153495,0.404745,0.423181,0.605353,0.539117,95.228124,1.933485,108.323249
51611,NaN,0.124887,9.957299,-0.723182,0.035265,0.490370,0.159508,0.006279,-0.297966,0.164782,0.405204,0.424496,0.604463,0.538737,95.232294,1.861187,108.143025
51612,NaN,0.104692,9.943968,-0.817539,-0.043074,0.429612,0.156033,0.000066,-0.275537,0.163722,0.405610,0.425732,0.603605,0.538419,95.233623,1.788624,107.975924
51613,NaN,0.169154,9.899093,-0.868552,-0.109681,0.461240,0.114561,-0.001576,-0.220107,0.153473,0.405881,0.426781,0.602871,0.538206,95.234463,1.718891,107.840964
51614,NaN,0.206105,9.825738,-0.874111,-0.127043,0.480072,0.041503,0.000661,-0.150713,0.135604,0.405983,0.427595,0.602325,0.538093,95.238675,1.655854,107.746594
51615,NaN,0.196752,9.698136,-0.900643,-0.154216,0.446942,-0.082314,0.013943,-0.072701,0.117712,0.405870,0.428175,0.602009,0.538071,95.251806,1.598612,107.697299
51616,NaN,0.188455,9.609209,-0.889965,-0.142629,0.429722,-0.171140,0.029449,0.010610,0.100211,0.405520,0.428507,0.601943,0.538144,95.275278,1.547333,107.696841
51617,NaN,0.142773,9.576159,-0.919348,-0.152215,0.369004,-0.199724,0.046599,0.090250,0.087794,0.404927,0.428625,0.602109,0.538313,95.309716,1.498541,107.742213
51618,NaN,0.096439,9.600061,-0.836742,-0.049597,0.345264,-0.182063,0.058271,0.145594,0.080159,0.404162,0.428591,0.602436,0.538547,95.351712,1.451518,107.819794
51619,NaN,-0.017631,9.574321,-0.825309,0.003396,0.233400,-0.205681,0.070231,0.189246,0.079099,0.403243,0.428463,0.602883,0.538838,95.401031,1.402295,107.921934
51620,NaN,-0.160559,9.601481,-0.773669,0.109144,0.109366,-0.179988,0.079188,0.218369,0.080847,0.402211,0.428277,0.603411,0.539166,95.455873,1.350802,108.040916
51621,NaN,-0.316366,9.623367,-0.826360,0.121312,-0.058895,-0.149668,0.091491,0.222643,0.082808,0.401134,0.428112,0.603973,0.539470,95.517615,1.297418,108.161884
51622,NaN,-0.434475,9.759753,-0.827449,0.181619,-0.169354,-0.011436,0.092771,0.208552,0.083206,0.400096,0.427985,0.604512,0.539739,95.579891,1.244874,108.275022
51623,NaN,-0.499571,9.889817,-0.841103,0.213486,-0.233708,0.120353,0.091087,0.178197,0.085149,0.399147,0.427945,0.604976,0.539952,95.640632,1.192412,108.370275
51624,NaN,-0.531329,9.925119,-0.853232,0.227695,-0.270525,0.156930,0.081346,0.141932,0.079851,0.398343,0.427964,0.605357,0.540105,95.695386,1.145315,108.445497
51625,NaN,-0.510788,9.942290,-0.817404,0.267731,-0.243144,0.169666,0.070220,0.109618,0.070977,0.397684,0.428024,0.605658,0.540205,95.743252,1.104678,108.502473
51626,NaN,-0.462101,9.906428,-0.821289,0.254971,-0.203494,0.133113,0.057772,0.077359,0.063924,0.397168,0.428122,0.605879,0.540259,95.783710,1.070250,108.541713
51627,NaN,-0.461454,9.886016,-0.790150,0.290313,-0.197041,0.109383,0.047455,0.064086,0.053436,0.396742,0.428206,0.606066,0.540296,95.817986,1.042197,108.573657
51628,NaN,-0.410599,9.808418,-0.748850,0.312655,-0.142217,0.026848,0.034888,0.045515,0.052157,0.396404,0.428308,0.606187,0.540327,95.844978,1.016284,108.595388
51629,NaN,-0.395394,9.786850,-0.745918,0.313859,-0.130777,0.004621,0.022183,0.044510,0.051218,0.396098,0.428388,0.606271,0.540394,95.864561,0.990627,108.616227
51630,NaN,-0.336944,9.768638,-0.700730,0.340396,-0.065138,-0.019286,0.013504,0.041560,0.053122,0.395814,0.428462,0.606324,0.540483,95.879241,0.964381,108.635627
51631,NaN,-0.313421,9.806438,-0.694430,0.345805,-0.042847,0.017128,0.004769,0.042469,0.059182,0.395531,0.428537,0.606340,0.540614,95.888764,0.934321,108.654794
51632,NaN,-0.326386,9.838334,-0.647724,0.399822,-0.043520,0.044145,-0.004955,0.041924,0.067232,0.395247,0.428616,0.606314,0.540788,95.892838,0.900005,108.673564
51633,NaN,-0.319115,9.838629,-0.646866,0.400527,-0.042172,0.044122,-0.015316,0.044382,0.074891,0.394958,0.428693,0.606245,0.541015,95.890805,0.860883,108.692959
51634,NaN,-0.297173,9.918438,-0.680224,0.370864,-0.034944,0.126511,-0.025745,0.044772,0.079711,0.394677,0.428761,0.606141,0.541283,95.882955,0.819289,108.712620
51635,NaN,-0.358848,10.008125,-0.639480,0.437897,-0.083914,0.212354,-0.037674,0.044925,0.084810,0.394407,0.428821,0.605992,0.541598,95.868048,0.774489,108.731880
51636,NaN,-0.565136,10.055653,-0.514691,0.625864,-0.246001,0.249529,-0.048900,0.044146,0.093127,0.394141,0.428886,0.605796,0.541961,95.846885,0.725295,108.750421
51637,NaN,-0.625874,10.122655,-0.354463,0.801444,-0.258789,0.300483,-0.056827,0.026612,0.092485,0.393947,0.428982,0.605541,0.542310,95.820841,0.677238,108.758662
51638,NaN,-0.833776,10.320841,-0.176431,1.051218,-0.401095,0.481977,-0.090654,-0.022964,0.110807,0.393925,0.429199,0.605061,0.542690,95.775277,0.621869,108.737973
51639,NaN,-0.609429,10.521085,-0.082877,1.077674,-0.163413,0.669840,-0.148768,-0.104110,0.099955,0.394305,0.429491,0.604283,0.543050,95.695715,0.577102,108.671286
51640,NaN,-0.263439,11.166755,0.352801,1.419996,0.314286,1.267703,-0.239719,-0.105901,0.086394,0.394919,0.429565,0.603285,0.543654,95.564330,0.540255,108.604840
51641,NaN,0.099500,12.382377,0.771688,1.774432,0.816317,2.439391,-0.432330,-0.007929,0.119652,0.395563,0.429093,0.601881,0.545113,95.322779,0.478728,108.592106
51642,NaN,0.818845,13.596532,1.621744,2.386175,1.769857,3.579067,-0.744310,0.088636,0.217063,0.396314,0.428028,0.599606,0.547905,94.903211,0.356780,108.630345
51643,NaN,1.636666,14.544983,2.527234,2.943738,2.785026,4.477081,-1.139866,0.084182,0.384230,0.397459,0.426683,0.595862,0.552193,94.256310,0.139711,108.659154
51644,NaN,2.209628,14.699807,3.000279,3.054559,3.358253,4.656413,-1.588524,0.013011,0.552152,0.399286,0.425119,0.590352,0.557969,93.352766,-0.170023,108.644193
51645,NaN,2.230621,14.093044,3.161692,2.963251,3.253300,4.123364,-1.938095,-0.170744,0.726710,0.401883,0.423850,0.583069,0.564687,92.248779,-0.574914,108.523797
51646,NaN,2.347067,13.467390,3.160500,2.681737,3.160458,3.591753,-2.162412,-0.388479,0.918486,0.404993,0.423250,0.574245,0.571911,91.019882,-1.088234,108.284626
51647,NaN,3.105909,13.103962,3.299676,2.348104,3.695785,3.342755,-2.335588,-0.618002,1.127926,0.408477,0.423490,0.563916,0.579484,89.695527,-1.725864,107.923397
51648,NaN,4.424422,12.661989,3.286284,1.715495,4.700562,3.057898,-2.428997,-0.667096,1.313093,0.411673,0.424123,0.552729,0.587482,88.324022,-2.478409,107.552061
51649,NaN,5.720576,12.430451,2.944907,0.794083,5.572883,3.001929,-2.439362,-0.437731,1.457441,0.413766,0.424374,0.541550,0.596178,86.941832,-3.316688,107.332012
51650,NaN,7.218280,12.501104,2.487777,-0.319387,6.579788,3.270158,-2.479371,0.057361,1.537872,0.414261,0.423197,0.531009,0.606071,85.522040,-4.187559,107.420658
51651,NaN,7.624112,12.156979,1.862908,-1.297736,6.525818,3.036547,-2.564799,0.794678,1.559041,0.412833,0.419577,0.521555,0.617661,84.014662,-5.030260,107.952946
51652,NaN,6.348731,11.048208,1.491074,-1.497190,5.050886,1.884481,-2.559021,1.601275,1.583827,0.409093,0.413424,0.513612,0.630814,82.458593,-5.817309,108.972866
51653,NaN,5.457684,10.444070,2.110713,-0.893167,4.211571,1.357335,-2.531411,2.075893,1.805158,0.403260,0.406280,0.506086,0.645132,80.868552,-6.663554,110.302687
51654,NaN,5.393020,9.140097,2.213591,-0.941739,4.128578,0.166306,-2.451764,2.352044,1.941720,0.395970,0.398592,0.498933,0.659847,79.281625,-7.521283,111.830641
51655,NaN,4.956912,8.113237,2.214090,-0.931210,3.672097,-0.816270,-2.239397,2.558550,2.042456,0.387267,0.390753,0.492474,0.674393,77.770924,-8.372253,113.510982
51656,NaN,4.572099,7.546513,2.514444,-0.671550,3.326008,-1.288932,-2.028767,2.580141,2.102535,0.377738,0.383234,0.486483,0.688317,76.350981,-9.209621,115.238554
51657,NaN,4.178600,7.163553,2.459351,-0.708648,2.835476,-1.671642,-1.859092,2.521287,2.092559,0.367936,0.376088,0.480782,0.701448,75.004053,-10.009919,116.953154
51658,NaN,3.628373,6.684146,2.324498,-0.682398,2.232653,-2.210667,-1.703891,2.422591,2.079800,0.357987,0.369402,0.475330,0.713757,73.730857,-10.777908,118.635064
51659,NaN,3.554199,6.555882,1.995098,-1.056691,1.884831,-2.401967,-1.551193,2.316119,2.063242,0.347967,0.363227,0.470090,0.725259,72.529666,-11.520315,120.273383
51660,NaN,3.449319,6.506539,1.458536,-1.575021,1.395054,-2.606487,-1.442377,2.230157,2.056300,0.337866,0.357419,0.464996,0.736123,71.378192,-12.239304,121.884068
51661,NaN,3.278056,6.313792,0.997726,-1.939838,0.926752,-2.958514,-1.366791,2.160526,2.040557,0.327768,0.351873,0.459939,0.746465,70.253803,-12.933168,123.469829
51662,NaN,3.049132,6.181001,0.573239,-2.222975,0.410444,-3.276841,-1.323063,2.053369,2.035705,0.317763,0.346684,0.454784,0.756312,69.147449,-13.613697,125.015259
51663,NaN,3.016176,6.037563,0.367663,-2.409908,0.160567,-3.500148,-1.314284,1.949143,2.033509,0.307917,0.341824,0.449366,0.765776,68.036148,-14.287416,126.519300
51664,NaN,3.175142,6.018030,0.536967,-2.419646,0.190798,-3.433634,-1.337616,1.889603,2.037183,0.298151,0.337072,0.443677,0.775009,66.899927,-14.945567,128.010738
51665,NaN,4.040684,7.189915,0.348181,-3.330158,0.045498,-2.259792,-1.250104,1.936978,2.199971,0.287432,0.332555,0.437994,0.784188,65.773003,-15.651492,129.583886
51666,NaN,2.806408,5.064576,1.516445,-1.391142,0.470840,-4.010445,-1.466394,2.075429,2.095022,0.277103,0.326859,0.431744,0.793709,64.488154,-16.235528,131.226412
51667,NaN,3.068424,6.046978,1.535957,-1.761513,0.040766,-3.087140,-1.312433,1.954595,1.922204,0.267400,0.321409,0.426090,0.802272,63.301144,-16.728813,132.775566
51668,NaN,3.173644,6.476170,1.744190,-1.804806,-0.162619,-2.617670,-1.299638,1.989143,1.844289,0.257856,0.315591,0.420585,0.810568,62.108499,-17.140474,134.336074
51669,NaN,3.265113,6.334066,2.209013,-1.577343,0.043598,-2.521027,-1.310414,2.103616,1.742531,0.248438,0.309017,0.415228,0.818763,60.885625,-17.439966,135.939684
51670,NaN,2.875580,6.156855,2.732607,-0.991387,-0.000381,-2.556121,-1.279570,2.169090,1.631636,0.239238,0.301905,0.410177,0.826664,59.673025,-17.631140,137.552702
51671,NaN,2.377870,6.155965,3.156610,-0.429251,-0.228998,-2.513663,-1.245416,2.216202,1.513812,0.230322,0.294340,0.405391,0.834251,58.476298,-17.720010,139.158835
51672,NaN,1.845751,6.468841,3.340448,-0.045071,-0.754427,-2.340161,-1.138796,2.216940,1.400792,0.221673,0.286595,0.401152,0.841309,57.351825,-17.720910,140.731046
51673,NaN,1.327598,7.510051,2.757673,-0.264154,-2.102747,-1.984836,-1.217662,2.359555,1.321657,0.213131,0.277950,0.396748,0.848475,56.167768,-17.610708,142.348792
51674,NaN,0.662496,7.544438,3.000097,0.340509,-2.476820,-2.059838,-0.927547,2.071594,1.236056,0.205086,0.270606,0.393331,0.854402,55.207744,-17.522407,143.790555
51675,NaN,1.798506,8.724441,2.263606,-1.194191,-3.067149,-1.231347,-0.941870,2.107361,1.076016,0.197638,0.262742,0.390022,0.860109,54.253097,-17.325976,145.191660
51676,NaN,2.105400,8.748336,2.272374,-1.482384,-3.026913,-1.165812,-0.968238,2.159750,0.956771,0.190607,0.254346,0.386765,0.865673,53.297743,-17.032910,146.570161
51677,NaN,1.332895,7.993297,3.111297,-0.331798,-2.578188,-1.530690,-0.890580,2.130506,0.819155,0.184094,0.245850,0.383914,0.870791,52.413172,-16.667411,147.877917
51678,NaN,1.148817,8.169891,3.389326,-0.111912,-2.693916,-1.310687,-0.746754,2.051696,0.641302,0.178309,0.237448,0.381799,0.875245,51.653115,-16.230027,149.074356
51679,NaN,0.847022,7.812399,3.756427,0.319267,-2.449736,-1.460557,-0.666099,1.971987,0.538054,0.173009,0.229247,0.380026,0.879258,50.969776,-15.761820,150.186842
51680,NaN,0.551525,7.672988,4.064848,0.682429,-2.355055,-1.464665,-0.582623,1.882715,0.485817,0.167996,0.221381,0.378578,0.882863,50.363251,-15.289656,151.230279
51681,NaN,0.320869,7.111289,4.145550,0.932099,-2.069560,-1.893924,-0.459909,1.698919,0.465945,0.163267,0.214376,0.377489,0.885940,49.858828,-14.867607,152.175499
51682,NaN,0.098025,6.846773,4.263826,1.171064,-1.934322,-2.069625,-0.223743,1.394444,0.426029,0.159026,0.208818,0.377229,0.888146,49.537396,-14.533354,152.963005
51683,NaN,0.282676,7.349929,3.944744,0.764350,-2.383790,-1.850549,-0.133866,1.175843,0.424698,0.155100,0.204293,0.377165,0.889918,49.295065,-14.277135,153.649187
51684,NaN,-0.182850,6.824214,4.137560,1.310995,-2.114869,-2.227745,-0.005101,0.953162,0.426339,0.151452,0.200852,0.377501,0.891187,49.155241,-14.101869,154.234640
51685,NaN,0.530752,7.470187,3.837074,0.464388,-2.424742,-1.768217,0.088036,0.815871,0.379015,0.148176,0.198002,0.378174,0.892089,49.088409,-13.957254,154.739747
51686,NaN,1.089148,7.708280,4.159047,0.092123,-2.150624,-1.253025,0.091686,0.813610,0.336971,0.145087,0.195078,0.378909,0.892929,49.030678,-13.794063,155.227099
51687,NaN,1.727997,8.028071,4.450960,-0.389131,-1.922083,-0.680269,0.056911,0.949144,0.263631,0.142099,0.191384,0.379638,0.893899,48.946050,-13.548193,155.745582
51688,NaN,1.809918,7.937370,4.779785,-0.336592,-1.619302,-0.518151,0.061259,1.115729,0.189631,0.139117,0.186799,0.380577,0.894938,48.857525,-13.206292,156.308487
51689,NaN,1.417883,7.923061,5.061295,0.092937,-1.574789,-0.436485,0.086271,1.219104,0.137563,0.136144,0.181667,0.381725,0.895962,48.780279,-12.802678,156.895564
51690,NaN,1.250542,8.014574,5.061959,0.183123,-1.680773,-0.401955,0.125970,1.243008,0.100522,0.133249,0.176374,0.383096,0.896869,48.732244,-12.372920,157.477487
51691,NaN,1.244340,8.096939,5.059579,0.127767,-1.717207,-0.339422,0.141488,1.229433,0.080476,0.130451,0.171108,0.384522,0.897690,48.699453,-11.939725,158.044453
51692,NaN,1.315784,8.166545,5.007586,-0.015085,-1.746284,-0.302183,0.184943,1.151132,0.052608,0.127887,0.166161,0.386110,0.898306,48.706147,-11.523555,158.565199
51693,NaN,1.416524,8.113237,5.167058,-0.085669,-1.542857,-0.213643,0.223456,1.086411,0.030578,0.125509,0.161483,0.387828,0.898755,48.744906,-11.122967,159.048610
51694,NaN,1.242462,7.939552,5.353858,0.118911,-1.330751,-0.249284,0.314359,0.987674,-0.003430,0.123400,0.157233,0.389916,0.898897,48.850699,-10.745178,159.475299
51695,NaN,1.066697,7.899632,5.535679,0.315878,-1.199471,-0.187358,0.432506,0.845221,-0.017106,0.121535,0.153668,0.392442,0.898668,49.038279,-10.416500,159.834569
51696,NaN,0.894144,8.059330,5.432197,0.394825,-1.377658,-0.158315,0.544134,0.660261,-0.044817,0.120068,0.150942,0.395377,0.898040,49.308777,-10.146168,160.102834
51697,NaN,0.998219,8.454634,5.438255,0.245902,-1.535408,0.168973,0.614067,0.522847,-0.093894,0.119037,0.148777,0.398568,0.897129,49.633281,-9.907295,160.293184
51698,NaN,1.295816,9.015331,5.219687,-0.175666,-1.883353,0.513114,0.612746,0.445955,-0.142382,0.118378,0.146855,0.401742,0.896116,49.967321,-9.676423,160.432242
51699,NaN,1.191997,9.169570,5.282940,-0.085498,-1.907421,0.664210,0.548409,0.418895,-0.166107,0.117925,0.144969,0.404619,0.895188,50.267676,-9.446051,160.551479
51700,NaN,1.085882,9.176562,5.490913,0.067317,-1.741208,0.794004,0.463223,0.399697,-0.204438,0.117743,0.143037,0.407132,0.894383,50.523874,-9.206118,160.649108
51701,NaN,1.009908,9.180208,5.790578,0.215972,-1.504518,0.981589,0.364143,0.409179,-0.260561,0.117862,0.140890,0.409239,0.893746,50.725624,-8.938458,160.731240
51702,NaN,0.922721,9.112644,5.985759,0.336113,-1.303498,1.045886,0.295454,0.424517,-0.292786,0.118140,0.138566,0.411071,0.893232,50.889591,-8.651005,160.809251
51703,NaN,1.001485,9.213986,6.107830,0.252522,-1.211347,1.217936,0.235873,0.460960,-0.308321,0.118454,0.136011,0.412662,0.892849,51.017674,-8.343822,160.898685
51704,NaN,1.097583,9.785406,6.445203,0.169758,-1.263990,1.886571,0.140364,0.546930,-0.297233,0.118604,0.133037,0.413870,0.892718,51.085846,-8.010629,161.031297
51705,NaN,0.861101,10.290123,7.015225,0.469100,-1.230491,2.601295,-0.068557,0.623808,-0.226627,0.118417,0.129741,0.414136,0.893105,51.026451,-7.681326,161.224211
51706,NaN,0.370638,10.167001,7.531278,1.044028,-0.942159,2.766954,-0.249310,0.579300,-0.174611,0.118206,0.126642,0.413533,0.893856,50.865173,-7.390764,161.415175
51707,NaN,-0.013012,9.936312,7.924485,1.488597,-0.664473,2.791675,-0.484191,0.488016,-0.117216,0.118075,0.123930,0.411784,0.895061,50.572506,-7.158051,161.585169
51708,NaN,0.020292,9.792097,7.558991,1.302588,-0.865056,2.458357,-0.470245,0.227584,-0.056854,0.118200,0.122515,0.409904,0.896101,50.300425,-7.046185,161.660088
51709,NaN,0.422203,9.838507,7.905244,0.991710,-0.582135,2.762864,-0.605828,0.075514,-0.028946,0.118593,0.121755,0.407304,0.897338,49.957440,-7.001986,161.677679
51710,NaN,0.481572,9.590294,7.859647,0.922134,-0.512617,2.551210,-0.707576,-0.036805,0.035923,0.118985,0.121572,0.404140,0.898740,49.559659,-7.027685,161.669341
51711,NaN,0.560581,9.241552,7.636683,0.799864,-0.503613,2.151651,-0.736730,-0.129777,0.056402,0.119488,0.121826,0.400769,0.900147,49.148851,-7.096911,161.628549
51712,NaN,1.209353,8.622909,7.219083,0.123929,-0.265619,1.494210,-0.602876,-0.204452,0.111899,0.119810,0.122609,0.397920,0.901261,48.816549,-7.218604,161.576309
51713,NaN,2.173108,8.642562,6.830572,-0.901387,-0.302477,1.375198,-0.396768,-0.179903,0.175980,0.119665,0.123528,0.395971,0.902014,48.597597,-7.358677,161.560064
51714,NaN,2.041872,8.324742,6.496623,-0.834538,-0.408352,0.902410,-0.350851,-0.127554,0.198564,0.119287,0.124286,0.394245,0.902715,48.401218,-7.488797,161.575288
51715,NaN,1.291415,7.648412,6.343404,-0.087171,-0.339099,0.201404,-0.292943,-0.081921,0.207588,0.118742,0.124887,0.392800,0.903334,48.234631,-7.605209,161.614287
51716,NaN,0.999861,7.155372,6.257509,0.229220,-0.187773,-0.259277,-0.142293,-0.075966,0.207711,0.118090,0.125553,0.392039,0.903657,48.154157,-7.719450,161.655974
51717,NaN,0.642977,7.113122,6.383689,0.629201,-0.199455,-0.256241,-0.024599,-0.141405,0.249059,0.117305,0.126663,0.391744,0.903733,48.142394,-7.876184,161.685834
51718,NaN,0.478868,7.215276,6.922111,0.980700,0.039287,0.149322,0.088175,-0.332683,0.339368,0.116415,0.128882,0.391788,0.903515,48.202050,-8.144711,161.667720
51719,NaN,0.175715,8.125929,7.468354,1.410386,-0.296665,1.130807,0.185130,-0.667346,0.445226,0.115638,0.132873,0.392002,0.902944,48.332274,-8.585917,161.545577
51720,NaN,0.276399,9.434345,8.347993,1.580761,-0.550689,2.676052,0.214615,-1.021403,0.515201,0.115218,0.138615,0.392089,0.902096,48.500541,-9.191628,161.295194
51721,NaN,1.300078,10.479605,8.595396,0.756138,-0.772328,3.760171,0.204991,-1.242245,0.574593,0.114964,0.145456,0.391946,0.901113,48.678432,-9.905514,160.969351
51722,NaN,3.205404,11.251162,8.841770,-0.820036,-0.527535,4.818995,0.180731,-1.352369,0.609070,0.114783,0.152842,0.391588,0.900069,48.853636,-10.675143,160.605273
51723,NaN,4.245947,11.747282,8.877548,-1.614158,-0.519405,5.417502,0.086015,-1.345213,0.650180,0.114470,0.160210,0.390753,0.899189,48.976184,-11.458579,160.257208
51724,NaN,4.102974,11.652316,8.941173,-1.247329,-0.505432,5.377454,-0.080296,-1.366902,0.699864,0.114102,0.167672,0.389096,0.898594,49.006835,-12.271512,159.916532
51725,NaN,3.777971,11.146082,9.034184,-0.671612,-0.285409,5.005816,-0.243472,-1.465484,0.744807,0.113851,0.175557,0.386587,0.898203,48.954689,-13.140796,159.548938
51726,NaN,3.691148,10.359697,8.888308,-0.392610,0.028258,4.322044,-0.335046,-1.536880,0.799460,0.113566,0.183806,0.383550,0.897890,48.858386,-14.061242,159.170239
51727,NaN,3.694690,9.431727,8.588869,-0.257275,0.368754,3.460231,-0.325941,-1.586302,0.874175,0.113021,0.192408,0.380427,0.897486,48.771415,-15.032962,158.798981
51728,NaN,3.704188,8.349382,8.134902,-0.196800,0.735424,2.394945,-0.190355,-1.576036,0.945838,0.111998,0.201164,0.377816,0.896797,48.759960,-16.032169,158.459166
51729,NaN,3.728757,7.853182,7.644697,-0.213754,0.704438,1.740320,-0.064038,-1.527128,1.015233,0.110433,0.209883,0.375697,0.895883,48.812984,-17.042548,158.166845
51730,NaN,3.913751,7.318133,6.892490,-0.508652,0.611263,0.945719,0.054415,-1.488758,1.102621,0.108271,0.218643,0.374007,0.894757,48.924332,-18.075930,157.923039
51731,NaN,4.342108,7.162279,6.420264,-0.917554,0.530315,0.687110,0.143359,-1.381232,1.170172,0.105501,0.227078,0.372667,0.893546,49.067664,-19.097452,157.751369
51732,NaN,4.588644,6.850411,6.014533,-1.142138,0.544283,0.314248,0.245776,-1.315274,1.222877,0.102247,0.235353,0.371730,0.892172,49.256951,-20.116757,157.626654
51733,NaN,4.772788,6.811734,5.671583,-1.295129,0.390694,0.162953,0.331508,-1.216911,1.258256,0.098540,0.243278,0.371153,0.890702,49.477751,-21.114296,157.557438
51734,NaN,4.773975,6.708762,5.643383,-1.137519,0.413663,0.095814,0.368636,-1.163511,1.295855,0.094517,0.251036,0.370694,0.889176,49.708190,-22.108164,157.523204
51735,NaN,4.380736,6.299077,5.485232,-0.720248,0.435924,-0.418765,0.364318,-1.209000,1.297796,0.090566,0.258977,0.370161,0.887530,49.946286,-23.119600,157.463711
51736,NaN,4.479197,6.657683,5.190961,-0.780394,0.008163,-0.287850,0.417743,-1.175676,1.283280,0.086543,0.266747,0.369870,0.885750,50.214223,-24.112108,157.408871
51737,NaN,4.514523,6.849045,4.974625,-0.753135,-0.277853,-0.252848,0.296988,-1.147327,1.257992,0.082734,0.274273,0.369060,0.884152,50.414217,-25.082959,157.352727
51738,NaN,4.329705,6.554399,4.915050,-0.493637,-0.204373,-0.561913,0.230358,-1.059647,1.234340,0.078952,0.281319,0.368000,0.882724,50.564232,-26.011154,157.326258
51739,NaN,4.286452,6.247164,5.037952,-0.271347,0.037473,-0.718454,0.183061,-0.947205,1.158282,0.075361,0.287695,0.366858,0.881458,50.677526,-26.864844,157.321954
51740,NaN,4.486977,6.175410,5.183223,-0.239911,0.206717,-0.591352,0.107749,-0.718296,1.057933,0.071898,0.292834,0.365599,0.880578,50.714959,-27.590849,157.389521
51741,NaN,4.253721,5.709968,5.247621,0.044317,0.463297,-0.979904,0.079990,-0.510708,0.969264,0.068483,0.296877,0.364407,0.879989,50.703851,-28.202361,157.525083
51742,NaN,3.942509,5.381452,5.321505,0.383880,0.607851,-1.309480,0.121158,-0.310918,0.873703,0.065061,0.299874,0.363599,0.879567,50.685685,-28.698833,157.722804
51743,NaN,3.630792,5.161078,5.134189,0.563014,0.526730,-1.714255,0.151335,-0.141086,0.777158,0.061710,0.301953,0.363115,0.879297,50.660618,-29.090903,157.967423
51744,NaN,3.776249,4.974916,4.821611,0.286980,0.504787,-1.943731,0.220165,-0.034612,0.664380,0.058556,0.303375,0.363133,0.879016,50.669912,-29.394178,158.220158
51745,NaN,4.143320,5.105908,4.327685,-0.247034,0.218630,-1.947743,0.278829,0.109843,0.583550,0.055409,0.304031,0.363568,0.878813,50.691831,-29.609309,158.512887
51746,NaN,4.151923,4.989695,4.037070,-0.412401,0.121659,-2.180614,0.277374,0.185792,0.497685,0.052499,0.304192,0.364147,0.878697,50.710546,-29.758828,158.809362
51747,NaN,4.309361,4.888961,3.387573,-0.907681,-0.155225,-2.525700,0.346853,0.209152,0.409414,0.049830,0.304107,0.365166,0.878459,50.780644,-29.861024,159.080857
51748,NaN,4.306218,5.135677,3.273301,-0.924573,-0.406218,-2.422604,0.341753,0.265001,0.306205,0.047518,0.303583,0.366333,0.878282,50.854869,-29.897353,159.338190
51749,NaN,4.738642,5.919416,3.141620,-1.238272,-0.930305,-1.752589,0.115628,0.387919,0.247193,0.045586,0.302358,0.366622,0.878687,50.780375,-29.863132,159.633457
51750,NaN,4.610780,5.854083,3.446876,-0.981032,-0.750409,-1.695734,-0.040681,0.508381,0.230369,0.043740,0.300532,0.366276,0.879551,50.589681,-29.776977,159.983355
51751,NaN,4.243260,5.810056,4.200990,-0.286652,-0.384905,-1.495243,-0.139692,0.577271,0.180768,0.042135,0.298292,0.365580,0.880681,50.336142,-29.642819,160.346483
51752,NaN,4.042963,6.221780,5.006340,0.352572,-0.270755,-0.872790,-0.193510,0.610583,0.139244,0.040732,0.295811,0.364713,0.881942,50.053580,-29.476473,160.707905
51753,NaN,3.502802,6.710910,6.269707,1.525272,-0.027549,-0.102500,-0.233396,0.578369,0.119305,0.039534,0.293428,0.363689,0.883214,49.761925,-29.311911,161.042901
51754,NaN,2.902124,6.757614,7.236542,2.521431,0.342466,0.186322,-0.190010,0.452881,0.168161,0.038284,0.291692,0.362758,0.884227,49.516992,-29.213664,161.334782
51755,NaN,2.349660,6.324701,7.743282,3.175177,0.804001,-0.078573,-0.029729,0.223813,0.264428,0.036793,0.291174,0.362348,0.884629,49.400014,-29.241898,161.552597
51756,NaN,2.531663,5.618756,7.801656,2.973824,1.414285,-0.431774,0.351620,-0.240631,0.382357,0.035063,0.292991,0.363368,0.883680,49.590099,-29.494411,161.589280
51757,NaN,3.874948,5.391783,6.759908,1.332081,1.342126,-0.527961,0.885322,-0.684849,0.433330,0.033137,0.296950,0.366583,0.881101,50.186910,-29.933341,161.421240
51758,NaN,5.928905,6.548138,4.912983,-1.083216,-0.020283,0.236799,1.084600,-0.742093,0.358479,0.031344,0.301045,0.370764,0.878023,50.933028,-30.358361,161.186131
51759,NaN,5.774734,7.805829,4.792923,-0.728920,-0.980920,0.946335,0.627213,-0.385402,0.138527,0.030548,0.303087,0.373310,0.876268,51.373889,-30.554770,161.037526
51760,NaN,5.525171,7.700518,5.229683,-0.258249,-0.659885,0.988833,0.243954,-0.173487,0.100799,0.030098,0.304067,0.374266,0.875536,51.548157,-30.658080,160.982766
51761,NaN,4.840025,6.864648,5.794115,0.480345,0.108426,0.379392,-0.187104,-0.004482,0.089914,0.030037,0.304222,0.373374,0.875864,51.432766,-30.696092,161.011105
51762,NaN,4.649057,5.835112,5.408767,0.239087,0.528311,-0.615912,-0.296455,0.052634,0.077073,0.030089,0.304086,0.372033,0.876481,51.242347,-30.707948,161.064327
51763,NaN,5.042086,5.431663,5.236528,-0.250932,0.799353,-0.776933,-0.168002,0.046878,0.074023,0.029974,0.303989,0.371256,0.876848,51.127554,-30.720260,161.112802
51764,NaN,5.694415,5.237688,5.019392,-0.936808,0.977431,-0.690130,0.057051,0.027535,0.033956,0.029724,0.303935,0.371525,0.876761,51.155500,-30.721746,161.135026
51765,NaN,5.356122,5.638884,4.984833,-0.610070,0.583785,-0.613742,0.302662,0.083824,0.007500,0.029117,0.303622,0.372917,0.876298,51.314689,-30.691184,161.174978
51766,NaN,5.180710,6.473367,5.552595,-0.006304,0.314905,0.161094,0.289283,0.168122,0.066311,0.028110,0.303046,0.374174,0.875995,51.431529,-30.656946,161.283804
51767,NaN,5.060021,6.140131,5.383777,-0.057438,0.431969,-0.215805,0.320687,0.100530,0.106837,0.027009,0.302846,0.375495,0.875533,51.575527,-30.665168,161.373804
51768,NaN,4.651210,5.589524,4.848093,-0.100721,0.398363,-1.082766,0.548283,-0.144848,0.133048,0.025905,0.303798,0.377739,0.874271,51.910135,-30.772593,161.346685
51769,NaN,4.203747,5.749486,4.159155,-0.045818,-0.237493,-1.568436,0.776458,-0.476966,0.129859,0.025102,0.306222,0.380934,0.872059,52.466506,-30.995015,161.141331
51770,NaN,4.977643,7.113400,3.956838,-0.472457,-1.074761,-0.344042,0.516596,-0.432712,0.213044,0.024242,0.308572,0.382870,0.870406,52.846580,-31.238540,160.991415
51771,NaN,5.730457,7.027821,3.652398,-1.220294,-0.983600,-0.163246,0.119107,-0.254614,0.256840,0.023468,0.310181,0.383025,0.869787,52.941214,-31.439977,160.952536
51772,NaN,5.897025,6.051285,3.784776,-1.448776,-0.169889,-0.669951,-0.044845,0.037217,0.255422,0.022392,0.310497,0.382504,0.869931,52.860866,-31.539910,161.069823
51773,NaN,5.662553,5.577917,3.883796,-1.294704,0.146539,-1.062615,-0.013373,0.249740,0.215460,0.021037,0.309817,0.382204,0.870340,52.747134,-31.547877,161.284520
51774,NaN,5.786308,5.840397,4.018407,-1.276461,0.067065,-0.751489,0.067310,0.385738,0.154250,0.019561,0.308434,0.382364,0.870795,52.654916,-31.480342,161.547372
51775,NaN,5.620561,5.995140,4.352454,-0.945772,0.119610,-0.562422,0.073936,0.468428,0.092823,0.018185,0.306574,0.382652,0.871355,52.556946,-31.355866,161.828663
51776,NaN,5.230016,5.965559,4.614368,-0.517952,0.199640,-0.651620,0.055829,0.489840,0.030353,0.017066,0.304496,0.382959,0.871971,52.457070,-31.194945,162.095396
51777,NaN,4.429964,6.148770,4.842256,0.266034,0.005786,-0.823331,0.065397,0.452010,-0.005241,0.016164,0.302517,0.383355,0.872503,52.381562,-31.030954,162.326204
51778,NaN,3.705138,6.562873,5.102689,1.059045,-0.302592,-0.778109,0.074025,0.371785,0.019903,0.015289,0.300933,0.383744,0.872896,52.328370,-30.906000,162.524849
51779,NaN,3.664479,6.706215,5.717228,1.436542,-0.006795,-0.377396,0.039771,0.217369,0.055123,0.014615,0.300090,0.383915,0.873122,52.290546,-30.851049,162.655075
51780,NaN,4.159435,6.806240,5.995708,1.196344,0.233763,0.091274,0.029076,0.048859,0.076481,0.014181,0.300019,0.383998,0.873117,52.287742,-30.864719,162.705911
51781,NaN,4.569295,6.869910,5.666145,0.702881,0.076990,0.171267,0.050895,-0.054512,0.065812,0.013964,0.300383,0.384182,0.872914,52.327614,-30.909833,162.697101
51782,NaN,4.559512,7.074740,5.396246,0.616970,-0.245839,0.163258,0.026786,-0.044967,0.053557,0.013813,0.300678,0.384282,0.872771,52.353740,-30.945989,162.688993
51783,NaN,4.436673,6.997699,5.254602,0.632244,-0.317195,-0.026864,-0.031849,-0.052172,0.050702,0.013782,0.300996,0.384127,0.872730,52.348742,-30.983363,162.675278
51784,NaN,4.514190,6.902784,5.041888,0.441950,-0.375999,-0.163321,-0.078517,-0.090394,0.064175,0.013831,0.301502,0.383748,0.872721,52.324697,-31.040239,162.647463
51785,NaN,4.793966,6.715158,4.726336,0.013582,-0.388198,-0.312013,-0.110633,-0.129639,0.067772,0.013990,0.302185,0.383218,0.872715,52.292035,-31.112570,162.600046
51786,NaN,5.184265,6.557152,4.539101,-0.429217,-0.308207,-0.315474,-0.122437,-0.140630,0.058267,0.014227,0.302896,0.382653,0.872713,52.257878,-31.184405,162.543241
51787,NaN,5.402753,6.335937,4.247143,-0.802677,-0.293513,-0.504539,-0.081902,-0.117330,0.026516,0.014503,0.303448,0.382312,0.872666,52.247396,-31.233563,162.484971
51788,NaN,5.596223,6.254382,4.110902,-1.046388,-0.276632,-0.530281,-0.032872,-0.059068,-0.007524,0.014735,0.303682,0.382243,0.872611,52.256229,-31.247003,162.444373
51789,NaN,5.705750,6.194003,4.048605,-1.182382,-0.244361,-0.546905,0.006331,0.017041,-0.035914,0.014888,0.303535,0.382391,0.872595,52.272483,-31.221002,162.432179
51790,NaN,5.782901,6.265783,4.301265,-1.099257,-0.104684,-0.326722,0.034201,0.075705,-0.051800,0.014954,0.303102,0.382691,0.872613,52.292124,-31.167117,162.444857
51791,NaN,5.825253,6.507878,4.709337,-0.872635,0.009520,0.071761,0.063491,0.126565,-0.051933,0.014884,0.302452,0.383122,0.872651,52.314739,-31.095391,162.483755
51792,NaN,5.585410,6.713691,5.102565,-0.434876,0.068427,0.292401,0.074170,0.164787,-0.061472,0.014761,0.301614,0.383617,0.872725,52.335010,-31.005932,162.539661
51793,NaN,5.052865,6.791142,5.310804,0.112467,0.023381,0.179433,0.097769,0.196904,-0.094378,0.014687,0.300577,0.384265,0.872799,52.366972,-30.890516,162.598786
51794,NaN,4.982213,7.034234,5.461743,0.283303,-0.056254,0.387806,0.067230,0.183077,-0.093505,0.014679,0.299597,0.384779,0.872910,52.385199,-30.780166,162.651276
51795,NaN,5.055978,7.045377,5.399922,0.174852,-0.079582,0.401150,0.028120,0.172813,-0.070192,0.014652,0.298705,0.385085,0.873081,52.379074,-30.684023,162.707220
51796,NaN,5.043986,6.978027,5.244634,0.072507,-0.136125,0.267840,-0.001346,0.170904,-0.037960,0.014527,0.297879,0.385214,0.873308,52.349985,-30.603125,162.775748
51797,NaN,5.173569,6.904453,4.966567,-0.211658,-0.238348,0.137310,-0.043100,0.179189,-0.020373,0.014377,0.297052,0.385135,0.873627,52.291437,-30.527484,162.854894
51798,NaN,5.229133,6.652351,4.651773,-0.491550,-0.264266,-0.172920,-0.103802,0.215354,0.003229,0.014139,0.296104,0.384758,0.874119,52.183603,-30.449516,162.963241
51799,NaN,5.276101,6.401616,4.229961,-0.821314,-0.369419,-0.544493,-0.129759,0.244080,0.020741,0.013812,0.295063,0.384243,0.874703,52.049938,-30.369247,163.092992
51800,NaN,5.236860,6.429415,4.160323,-0.837874,-0.461929,-0.584747,-0.167604,0.259762,0.034849,0.013445,0.293976,0.383542,0.875382,51.887856,-30.289437,163.236888
51801,NaN,5.054017,6.502487,4.486740,-0.519970,-0.361838,-0.455610,-0.192320,0.267894,0.023945,0.013150,0.292833,0.382748,0.876116,51.712237,-30.201698,163.379566
51802,NaN,4.901562,6.364462,5.163957,-0.086113,0.128825,-0.264176,-0.167158,0.203997,0.010212,0.012997,0.291942,0.382080,0.876707,51.570805,-30.129939,163.483582
51803,NaN,4.461705,5.959731,5.335238,0.272947,0.411400,-0.666857,-0.038783,0.119947,-0.028047,0.012989,0.291358,0.382025,0.876926,51.533108,-30.071109,163.527348
51804,NaN,4.175995,6.154975,5.809778,0.789755,0.522498,-0.422296,0.104700,0.013967,-0.055123,0.013089,0.291192,0.382631,0.876715,51.610539,-30.037586,163.505722
51805,NaN,4.533976,6.672812,6.422954,0.917774,0.666628,0.436750,0.154448,-0.086431,-0.042418,0.013255,0.291496,0.383429,0.876263,51.739932,-30.045630,163.436781
51806,NaN,4.957347,6.924438,6.693927,0.766638,0.792705,0.963009,0.155100,-0.109693,-0.032755,0.013421,0.291918,0.384215,0.875775,51.873798,-30.065913,163.360133
51807,NaN,4.981010,7.056212,6.373099,0.614008,0.509221,0.891548,0.109438,-0.061585,-0.022883,0.013523,0.292148,0.384790,0.875445,51.967194,-30.073561,163.311605
51808,NaN,5.141193,7.118224,6.413562,0.519705,0.542053,1.034932,0.031602,-0.044023,0.000303,0.013598,0.292337,0.384991,0.875292,52.006448,-30.085386,163.282604
51809,NaN,5.535818,6.802186,5.796015,-0.190968,0.454295,0.688072,-0.015552,-0.017430,0.001835,0.013691,0.292412,0.384984,0.875269,52.011544,-30.088446,163.267179
51810,NaN,5.490575,6.482920,4.955153,-0.658817,0.108787,-0.000331,0.004765,0.048157,-0.016300,0.013700,0.292164,0.385098,0.875301,52.014707,-30.060255,163.279509
51811,NaN,5.293569,6.407776,4.275917,-0.872675,-0.337156,-0.512705,0.030659,0.118821,-0.055286,0.013711,0.291536,0.385386,0.875384,52.022216,-29.989662,163.312074
51812,NaN,5.305467,6.431874,4.051475,-1.007338,-0.498337,-0.611147,0.021409,0.191411,-0.055134,0.013590,0.290587,0.385639,0.875590,52.005574,-29.893417,163.383239
51813,NaN,5.409915,6.723019,4.348142,-0.900537,-0.480001,-0.203780,-0.012556,0.284435,-0.060342,0.013366,0.289223,0.385755,0.875993,51.946783,-29.762279,163.499694
51814,NaN,5.462680,7.278156,5.080591,-0.484633,-0.376600,0.591543,-0.111929,0.421658,-0.050682,0.012975,0.287264,0.385432,0.876786,51.794237,-29.586433,163.691639
51815,NaN,5.041526,6.719520,5.602444,-0.015879,0.245476,0.281649,-0.130913,0.511946,-0.039787,0.012390,0.284930,0.385010,0.877741,51.606486,-29.383195,163.933409
51816,NaN,3.890909,6.333953,6.210891,1.143539,0.636549,-0.214754,0.007211,0.432079,-0.028015,0.011709,0.282973,0.385174,0.878311,51.517026,-29.212914,164.138175
51817,NaN,3.571201,6.722563,6.801989,1.763654,0.687579,0.218769,0.103202,0.213000,-0.024898,0.011306,0.281994,0.385740,0.878383,51.537696,-29.122302,164.230255
51818,NaN,3.807234,6.948831,6.712381,1.556219,0.535860,0.440525,0.115384,0.046510,-0.002737,0.011104,0.281785,0.386319,0.878198,51.602320,-29.100704,164.246901
51819,NaN,3.717723,6.998216,6.364302,1.468941,0.257443,0.241006,0.104002,-0.053696,0.019236,0.011022,0.282059,0.386810,0.877895,51.681228,-29.124557,164.220059
51820,NaN,3.683195,6.998687,6.117010,1.383737,0.091458,0.088941,0.065448,-0.133236,0.039955,0.011051,0.282718,0.387099,0.877555,51.753838,-29.186002,164.161558
51821,NaN,4.080021,6.801966,5.495607,0.713818,-0.089839,-0.189935,0.015407,-0.211406,0.077548,0.011142,0.283793,0.387109,0.877202,51.810149,-29.292072,164.077064
51822,NaN,4.453047,6.528609,4.774955,0.001114,-0.290759,-0.584037,0.031444,-0.233109,0.084378,0.011217,0.284974,0.387180,0.876787,51.880043,-29.408769,163.984712
51823,NaN,4.503249,6.432782,4.314446,-0.274124,-0.517896,-0.872274,0.007300,-0.242418,0.089656,0.011327,0.286207,0.387135,0.876404,51.937763,-29.531072,163.888554
51824,NaN,4.657754,6.488238,4.264850,-0.398610,-0.551254,-0.783952,-0.020019,-0.218228,0.085492,0.011441,0.287321,0.386978,0.876107,51.974702,-29.642861,163.803899
51825,NaN,5.064135,6.407818,4.548661,-0.594983,-0.205506,-0.485326,-0.015409,-0.112360,0.049370,0.011506,0.287901,0.386896,0.875952,51.994097,-29.700846,163.759192
51826,NaN,5.081989,6.198209,4.596187,-0.623266,-0.020032,-0.594201,0.035393,0.005495,-0.009516,0.011524,0.287854,0.387131,0.875863,52.024525,-29.690764,163.752050
51827,NaN,4.917908,6.161509,4.705939,-0.440443,0.045835,-0.642094,0.072291,0.056368,-0.052274,0.011584,0.287506,0.387591,0.875773,52.071708,-29.643457,163.753160
51828,NaN,4.971516,6.379277,4.957457,-0.317264,0.084429,-0.332195,0.074328,0.038690,-0.057910,0.011693,0.287222,0.388068,0.875654,52.125576,-29.599802,163.743712
51829,NaN,5.336317,6.727886,5.468346,-0.293432,0.282480,0.359709,0.051167,0.003586,-0.054281,0.011893,0.287100,0.388435,0.875529,52.174413,-29.570146,163.716835
51830,NaN,5.834780,6.984080,5.903646,-0.438905,0.526363,1.013456,0.039810,0.028303,-0.050170,0.012039,0.286874,0.388749,0.875461,52.209575,-29.533631,163.705195
51831,NaN,6.077330,7.166174,6.084901,-0.520847,0.588009,1.354092,0.050196,0.110368,-0.064423,0.012076,0.286263,0.389131,0.875491,52.232194,-29.461783,163.730134
51832,NaN,5.982535,7.351494,6.278338,-0.323939,0.572906,1.537181,0.052582,0.228451,-0.085827,0.011970,0.285092,0.389563,0.875682,52.230595,-29.338874,163.808229
51833,NaN,5.406879,7.337771,6.106477,0.041826,0.331439,1.153379,0.052998,0.304200,-0.068968,0.011647,0.283627,0.389975,0.875979,52.206962,-29.197262,163.931505
51834,NaN,4.855019,7.222286,5.966569,0.386101,0.186237,0.730025,0.039583,0.279648,-0.019091,0.011167,0.282360,0.390258,0.876269,52.172378,-29.086530,164.062672
51835,NaN,4.337512,7.022882,5.994219,0.778112,0.220360,0.356458,0.047270,0.214445,0.038952,0.010557,0.281496,0.390486,0.876453,52.147733,-29.024943,164.182146
51836,NaN,3.772689,6.827010,6.204358,1.313467,0.367489,0.060259,0.089287,0.088448,0.076250,0.009963,0.281255,0.390841,0.876379,52.171376,-29.024495,164.252483
51837,NaN,3.830233,6.577042,6.372478,1.307152,0.678401,0.004020,0.176939,-0.090674,0.107277,0.009465,0.281865,0.391523,0.875884,52.283968,-29.101020,164.241932
51838,NaN,4.200091,5.912046,5.515026,0.453022,0.667067,-0.737545,0.401048,-0.238638,0.083299,0.009040,0.283084,0.393215,0.874736,52.567546,-29.218337,164.145095
51839,NaN,4.262924,6.782477,5.125983,0.411282,-0.148741,-0.312226,0.402909,-0.250191,-0.008270,0.009043,0.284175,0.395040,0.873559,52.873416,-29.297437,164.004131
51840,NaN,3.910323,7.084039,5.114012,0.789747,-0.415644,-0.282169,0.255170,-0.337569,-0.001975,0.009394,0.285650,0.396207,0.872546,53.116437,-29.409008,163.820106
51841,NaN,4.095877,6.686515,4.906093,0.476479,-0.216037,-0.577883,0.174234,-0.457662,0.031849,0.009958,0.287711,0.396963,0.871518,53.338428,-29.576495,163.584412
51842,NaN,5.006946,6.623013,4.608869,-0.409531,-0.128097,-0.326321,0.234364,-0.519881,0.073530,0.010370,0.290126,0.397917,0.870277,53.604425,-29.783666,163.331755
51843,NaN,5.901586,6.708644,4.379656,-1.211050,-0.094038,0.063564,0.233419,-0.422639,0.089188,0.010527,0.292150,0.398843,0.869173,53.842430,-29.964249,163.134718
51844,NaN,5.870075,6.789051,4.348884,-1.149772,-0.153355,0.092674,0.217183,-0.268498,0.064617,0.010502,0.293449,0.399744,0.868322,54.035753,-30.080710,163.010254
51845,NaN,5.240334,7.255059,4.845662,-0.248386,-0.268880,0.358025,0.163211,-0.130650,0.049899,0.010346,0.294118,0.400433,0.867779,54.163751,-30.143920,162.953405
51846,NaN,5.446940,7.173783,5.347994,-0.163283,0.198085,0.659535,0.120237,-0.054744,0.038645,0.010148,0.294432,0.400961,0.867431,54.249521,-30.176176,162.932969
51847,NaN,5.240021,7.106249,5.725373,0.194180,0.462299,0.698500,0.134567,0.057352,0.036822,0.009717,0.294256,0.401555,0.867221,54.313059,-30.169899,162.971837
51848,NaN,4.461350,7.060164,6.274257,1.115324,0.687754,0.550656,0.167993,0.026735,0.050323,0.009235,0.294241,0.402277,0.866897,54.401921,-30.180342,162.999694
51849,NaN,4.832555,7.131429,6.773876,1.093609,1.096059,1.036224,0.196315,-0.113802,0.047184,0.009013,0.294834,0.403116,0.866308,54.545677,-30.236354,162.949744
51850,NaN,5.117686,7.084099,6.337548,0.641137,0.920155,0.924251,0.217197,-0.212820,0.017659,0.009082,0.295793,0.404087,0.865527,54.734368,-30.311084,162.835418
51851,NaN,4.739285,6.954856,5.033724,0.271030,0.031849,-0.009900,0.247116,-0.282781,0.006143,0.009307,0.297034,0.405197,0.864581,54.961860,-30.402926,162.677397
51852,NaN,4.670980,7.079234,4.193080,-0.058039,-0.629352,-0.372560,0.188427,-0.301054,0.029682,0.009545,0.298396,0.406019,0.863723,55.156862,-30.511532,162.518726
51853,NaN,4.917812,6.976473,3.923525,-0.400140,-0.668089,-0.450872,0.066716,-0.329896,0.068251,0.009866,0.299954,0.406252,0.863070,55.283131,-30.646926,162.357501
51854,NaN,5.590414,6.648528,3.843144,-1.042403,-0.320211,-0.376788,0.024015,-0.310644,0.101912,0.010058,0.301494,0.406253,0.862530,55.373774,-30.792050,162.219937
51855,NaN,5.899078,6.518475,3.819188,-1.313153,-0.162943,-0.319275,0.041018,-0.222025,0.108177,0.010022,0.302666,0.406317,0.862090,55.447982,-30.911064,162.132645
51856,NaN,5.429816,6.353589,3.913151,-0.896826,-0.104627,-0.628545,0.087400,-0.187622,0.106678,0.009847,0.303688,0.406589,0.861604,55.540099,-31.018166,162.063784
51857,NaN,5.011869,6.161538,4.052864,-0.503659,0.021761,-0.910167,0.176590,-0.251709,0.091811,0.009734,0.304957,0.407258,0.860841,55.703947,-31.138612,161.953634
51858,NaN,5.064362,6.780267,4.414563,-0.185045,-0.110543,-0.270066,0.180242,-0.241313,0.093143,0.009586,0.306186,0.407946,0.860080,55.867962,-31.256297,161.849130
51859,NaN,5.023278,7.111990,4.794348,0.151590,-0.067864,0.125717,0.076163,-0.151623,0.115859,0.009323,0.307073,0.408152,0.859669,55.942403,-31.355897,161.801717
51860,NaN,4.767599,6.888491,5.015610,0.443586,0.168858,-0.060131,0.022431,-0.114828,0.138504,0.008964,0.307842,0.408097,0.859424,55.971111,-31.454280,161.783977
51861,NaN,4.516593,6.740227,5.109319,0.678400,0.266382,-0.252132,0.055015,-0.097284,0.115559,0.008621,0.308492,0.408213,0.859139,56.017613,-31.536229,161.766845
51862,NaN,4.341881,6.866299,4.860042,0.731027,-0.031377,-0.374330,0.128484,-0.123274,0.070282,0.008408,0.309163,0.408718,0.858660,56.123140,-31.604851,161.718523
51863,NaN,4.099471,7.109849,5.050947,1.107533,-0.113663,-0.240432,0.130977,-0.256410,0.073317,0.008453,0.310409,0.409216,0.857973,56.267918,-31.717186,161.596774
51864,NaN,4.063034,7.080474,5.056809,1.162342,-0.085884,-0.280943,0.130855,-0.415917,0.074984,0.008815,0.312343,0.409709,0.857031,56.460875,-31.880713,161.385421
51865,NaN,4.801572,6.941278,5.109914,0.599445,0.262157,0.032080,0.155791,-0.474077,0.034831,0.009436,0.314448,0.410365,0.855941,56.694594,-32.042804,161.124254
51866,NaN,5.520885,6.721231,4.729653,-0.204948,0.365381,0.079183,0.190008,-0.388278,-0.031502,0.010104,0.316045,0.411275,0.854908,56.936163,-32.145184,160.886934
51867,NaN,5.260413,6.670246,4.350768,-0.192082,0.093714,-0.270806,0.255793,-0.319611,-0.092507,0.010796,0.317225,0.412561,0.853841,57.207144,-32.195631,160.664623
51868,NaN,5.325676,6.716967,4.132358,-0.336867,-0.036782,-0.302592,0.257473,-0.245962,-0.154753,0.011591,0.317961,0.413958,0.852881,57.469215,-32.192714,160.462032
51869,NaN,5.093253,7.039709,4.194408,-0.031882,-0.239527,-0.167308,0.201312,-0.118292,-0.159545,0.012236,0.318139,0.415125,0.852238,57.660658,-32.147486,160.330304
51870,NaN,5.317421,7.270091,4.738899,0.143486,0.078662,0.363733,0.115318,-0.011312,-0.158154,0.012785,0.317857,0.415934,0.851940,57.770239,-32.069983,160.260886
51871,NaN,5.888119,7.074362,4.758066,-0.359256,0.399863,0.534619,0.051050,0.063403,-0.150531,0.013255,0.317272,0.416459,0.851895,57.818755,-31.973334,160.236164
51872,NaN,6.263482,6.957662,4.287368,-0.962332,0.263762,0.435537,0.018474,0.119442,-0.131084,0.013571,0.316483,0.416819,0.852007,57.827843,-31.868954,160.251499
51873,NaN,6.397023,6.904919,3.566561,-1.496544,-0.162531,0.139905,0.031406,0.157902,-0.128907,0.013781,0.315535,0.417229,0.852155,57.831808,-31.753715,160.289292
51874,NaN,6.089026,7.030178,3.299490,-1.385574,-0.515655,-0.055612,0.023644,0.209775,-0.103214,0.013781,0.314418,0.417574,0.852399,57.811631,-31.635286,160.366065
51875,NaN,6.005869,7.002934,3.021189,-1.495450,-0.718047,-0.247796,-0.033122,0.189048,-0.055981,0.013719,0.313490,0.417597,0.852730,57.756541,-31.546247,160.446835
51876,NaN,6.137497,7.035412,3.302487,-1.454774,-0.510929,-0.030312,-0.084719,0.184382,-0.000903,0.013506,0.312687,0.417316,0.853166,57.663039,-31.485018,160.545497
51877,NaN,6.801184,7.378343,3.880010,-1.611023,-0.154737,0.823623,-0.143639,0.281749,0.003621,0.013171,0.311476,0.416781,0.853875,57.506444,-31.395684,160.699795
51878,NaN,6.896977,7.661097,4.491039,-1.325307,0.088888,1.352681,-0.221446,0.568204,0.009578,0.012326,0.309046,0.415922,0.855189,57.220643,-31.220402,161.018347
51879,NaN,5.869288,7.508585,4.936642,-0.348940,0.178131,0.913160,-0.214111,0.855349,-0.027275,0.011032,0.305310,0.415159,0.856917,56.864372,-30.936735,161.482566
51880,NaN,4.862964,6.986636,5.394545,0.520918,0.535113,0.237409,-0.171712,0.901652,-0.044635,0.009650,0.301333,0.414603,0.858609,56.526739,-30.627426,161.962969
51881,NaN,4.281493,6.573982,5.242513,0.755652,0.522517,-0.421840,-0.071770,0.795682,-0.086273,0.008518,0.297724,0.414521,0.859919,56.287179,-30.329748,162.365931
51882,NaN,4.191160,6.780465,5.147089,0.772687,0.287212,-0.360001,-0.005210,0.668470,-0.134309,0.007754,0.294561,0.414790,0.860885,56.133450,-30.048559,162.678851
51883,NaN,4.368853,6.783547,5.271286,0.641364,0.417710,-0.205199,0.026378,0.546074,-0.154642,0.007287,0.291882,0.415211,0.861598,56.036356,-29.796333,162.915595
51884,NaN,4.400897,6.762451,5.296437,0.578445,0.461542,-0.189636,0.044804,0.448578,-0.205693,0.007213,0.289514,0.415785,0.862121,55.987629,-29.550728,163.079230
51885,NaN,4.533733,6.938625,5.063018,0.350884,0.223372,-0.109066,0.098071,0.356180,-0.220103,0.007321,0.287522,0.416600,0.862393,55.997521,-29.328340,163.185973
51886,NaN,4.675354,6.975686,4.854328,0.103179,0.099838,-0.114083,0.113626,0.282201,-0.211708,0.007520,0.285859,0.417470,0.862524,56.034975,-29.133171,163.256130
51887,NaN,4.702189,7.040607,4.613277,-0.052639,-0.093758,-0.171556,0.114429,0.244016,-0.181075,0.007669,0.284428,0.418292,0.862597,56.077453,-28.965170,163.316198
51888,NaN,4.804907,6.977371,4.461272,-0.252852,-0.122795,-0.242174,0.107505,0.243036,-0.158574,0.007730,0.283043,0.419055,0.862682,56.112640,-28.807870,163.384552
51889,NaN,5.280737,6.985886,4.110175,-0.848607,-0.251315,-0.179465,0.101424,0.299439,-0.134970,0.007586,0.281470,0.419759,0.862855,56.126048,-28.644103,163.490782
51890,NaN,5.817413,7.432452,4.148356,-1.213765,-0.375998,0.418528,0.050665,0.468854,-0.132594,0.007141,0.279162,0.420246,0.863372,56.066236,-28.426988,163.690596
51891,NaN,6.030747,7.748297,4.711801,-1.100436,-0.132069,1.021439,-0.069286,0.751259,-0.136253,0.006290,0.275621,0.420222,0.864527,55.867179,-28.117249,164.039811
51892,NaN,5.585784,7.359977,4.986901,-0.749437,0.184945,0.658365,-0.103912,1.013347,-0.113979,0.004835,0.270985,0.420021,0.866098,55.582136,-27.732119,164.535452
51893,NaN,4.634342,7.186316,5.557444,0.209899,0.458115,0.373127,-0.101826,1.130467,-0.093858,0.003044,0.265883,0.419787,0.867799,55.270581,-27.316775,165.096423
51894,NaN,4.143292,7.282798,5.826149,0.698242,0.456097,0.358547,-0.074822,0.936114,-0.052238,0.001445,0.261698,0.419606,0.869162,55.020008,-26.981555,165.566088
51895,NaN,3.975871,7.336488,5.687421,0.733711,0.266832,0.255513,-0.054277,0.629671,-0.008859,0.000276,0.258935,0.419445,0.870068,54.849577,-26.766191,165.887665
51896,NaN,3.762549,7.277176,5.555494,0.811814,0.149666,0.051190,-0.079807,0.371205,0.027900,-0.000481,0.257369,0.419126,0.870686,54.720980,-26.652507,166.086752
51897,NaN,4.013208,6.925616,5.329117,0.398435,0.254276,-0.208207,-0.099804,0.193613,0.028048,-0.000834,0.256581,0.418717,0.871115,54.623040,-26.597574,166.191639
51898,NaN,4.195054,6.799254,5.057122,0.080704,0.165212,-0.359170,-0.107351,0.139063,0.024859,-0.001056,0.256018,0.418281,0.871490,54.534108,-26.558919,166.267712
51899,NaN,4.292838,6.690443,4.736264,-0.179184,0.011311,-0.561178,-0.127847,0.095793,0.012437,-0.001105,0.255624,0.417767,0.871852,54.445206,-26.529306,166.316125
51900,NaN,4.287661,6.525566,4.495655,-0.324045,-0.068234,-0.808894,-0.105248,0.085626,0.022584,-0.001208,0.255289,0.417343,0.872153,54.370427,-26.507208,166.363357
51901,NaN,4.317860,6.573431,4.327793,-0.420551,-0.222826,-0.848471,-0.040558,0.120075,0.025135,-0.001472,0.254817,0.417194,0.872362,54.324263,-26.475408,166.428619
51902,NaN,4.396287,6.974422,4.665544,-0.263427,-0.228186,-0.346130,-0.030787,0.256997,0.019189,-0.002013,0.253727,0.417098,0.872725,54.253174,-26.394330,166.563532
51903,NaN,4.820367,7.118467,5.068681,-0.445504,0.052085,0.157206,0.010601,0.426812,-0.000706,-0.002875,0.251860,0.417197,0.873215,54.169719,-26.247809,166.778725
51904,NaN,4.944016,7.373230,5.376459,-0.401815,0.127624,0.557279,0.054453,0.668167,-0.033321,-0.004151,0.248862,0.417529,0.873911,54.063433,-26.003908,167.105959
51905,NaN,4.577570,7.489719,5.587620,-0.016949,0.123303,0.591915,0.043510,0.788323,-0.048215,-0.005598,0.245308,0.417818,0.874769,53.927730,-25.712391,167.487904
51906,NaN,4.470910,7.577969,5.585284,0.038547,0.032653,0.608793,0.014211,0.751987,-0.052763,-0.006915,0.241897,0.417985,0.875629,53.787015,-25.429842,167.848090
51907,NaN,4.369186,7.527262,5.357421,-0.031249,-0.135378,0.406504,-0.056807,0.704851,-0.055068,-0.008034,0.238693,0.417836,0.876569,53.618299,-25.161775,168.181061
51908,NaN,3.750067,7.259832,5.295765,0.386980,-0.138306,-0.084161,-0.098952,0.619543,-0.039035,-0.008998,0.235889,0.417486,0.877485,53.443481,-24.928810,168.475707
51909,NaN,3.545312,6.999899,5.441897,0.537596,0.086693,-0.279300,-0.084602,0.411554,0.006143,-0.009737,0.234093,0.417149,0.878118,53.315242,-24.787060,168.680117
51910,NaN,3.748305,7.055367,5.307206,0.293933,-0.023485,-0.225850,-0.058133,0.232699,0.030317,-0.010246,0.233128,0.416911,0.878483,53.236904,-24.717295,168.803457
51911,NaN,4.142621,6.964079,5.050072,-0.191073,-0.090662,-0.267102,-0.006766,0.172990,0.033192,-0.010705,0.232436,0.416890,0.878670,53.199601,-24.670256,168.897494
51912,NaN,4.142478,6.925840,4.863451,-0.285249,-0.208644,-0.396976,-0.016855,0.253877,0.020800,-0.011264,0.231356,0.416841,0.878972,53.142309,-24.588648,169.027660
51913,NaN,4.104396,6.791152,4.803182,-0.321264,-0.178521,-0.544395,0.002827,0.362181,0.015509,-0.012046,0.229795,0.416875,0.879354,53.074720,-24.468102,169.209398
51914,NaN,4.337383,6.679902,4.777525,-0.588071,-0.092826,-0.544235,0.042380,0.511197,0.021971,-0.013215,0.227581,0.417067,0.879822,52.998489,-24.298100,169.468881
51915,NaN,4.442224,6.699187,4.855117,-0.681440,-0.039320,-0.446868,0.082276,0.674350,0.015130,-0.014736,0.224638,0.417426,0.880384,52.913763,-24.069096,169.806084
51916,NaN,4.709554,6.966694,4.875710,-0.900742,-0.164446,-0.135462,0.142994,0.833697,0.006496,-0.016623,0.220959,0.418046,0.880987,52.834679,-23.779828,170.219428
51917,NaN,4.087691,7.456074,5.438016,-0.083027,-0.172826,0.278750,0.073035,1.047637,-0.027566,-0.018730,0.216269,0.418361,0.881959,52.679876,-23.400247,170.724929
51918,NaN,4.129296,7.635555,5.372251,-0.178182,-0.350446,0.388234,-0.004013,1.103337,-0.052866,-0.020758,0.211280,0.418354,0.883125,52.479214,-22.988146,171.245359
51919,NaN,4.084623,7.668699,5.468080,-0.174448,-0.335554,0.446421,-0.139142,1.149296,-0.061289,-0.022694,0.206080,0.417740,0.884596,52.198510,-22.554035,171.780906
51920,NaN,3.470408,7.503603,5.761324,0.376340,-0.126258,0.256201,-0.216043,1.039241,-0.028182,-0.024474,0.201436,0.416752,0.886083,51.894452,-22.171241,172.272099
51921,NaN,3.640157,7.277977,5.703885,0.087476,-0.039515,0.124332,-0.270227,0.840335,-0.022757,-0.025803,0.197693,0.415532,0.887460,51.598823,-21.859586,172.664644
51922,NaN,4.542153,7.183346,5.490415,-0.893586,-0.075126,0.265587,-0.337231,0.821158,-0.042068,-0.026945,0.193993,0.414030,0.888943,51.273919,-21.543650,173.038642
51923,NaN,4.119049,6.943617,5.573704,-0.587558,0.045614,-0.019899,-0.379147,0.856709,-0.027760,-0.028181,0.190178,0.412311,0.890527,50.919711,-21.220334,173.431612
51924,NaN,3.504002,6.851132,5.744861,-0.040280,0.123189,-0.210484,-0.293167,0.731132,-0.030937,-0.029227,0.186888,0.410991,0.891799,50.639662,-20.937993,173.761612
51925,NaN,3.197622,6.871666,5.982861,0.273728,0.220251,-0.163049,-0.255226,0.618709,-0.015025,-0.030141,0.184129,0.409837,0.892873,50.400339,-20.702381,174.041730
51926,NaN,3.038286,6.918304,6.137905,0.439075,0.257810,-0.091136,-0.236278,0.530031,0.037369,-0.031131,0.181864,0.408728,0.893811,50.180607,-20.521144,174.300131
51927,NaN,3.155231,6.899383,6.283749,0.336798,0.361697,0.025913,-0.182176,0.486495,0.049459,-0.032128,0.179816,0.407856,0.894588,49.998931,-20.360679,174.540621
51928,NaN,3.191918,6.901427,6.456523,0.322387,0.467662,0.146326,-0.146434,0.488927,0.052527,-0.033182,0.177749,0.407136,0.895290,49.837299,-20.199683,174.783956
51929,NaN,2.709805,6.886743,6.742347,0.819901,0.627759,0.145378,-0.119726,0.508730,0.030838,-0.034197,0.175554,0.406550,0.895951,49.692208,-20.022066,175.025903
51930,NaN,2.580103,7.006629,6.719442,0.922862,0.503824,0.177058,-0.104386,0.488077,-0.029937,-0.034918,0.173314,0.406086,0.896570,49.567802,-19.824242,175.234872
51931,NaN,2.411912,7.028414,6.370349,0.952859,0.205297,-0.073740,-0.094402,0.339998,-0.082673,-0.035103,0.171635,0.405736,0.897044,49.480375,-19.658474,175.352729
51932,NaN,2.880831,7.292594,6.107173,0.465339,-0.142754,0.114129,-0.164101,0.219054,-0.118652,-0.034828,0.170430,0.405124,0.897560,49.376727,-19.521601,175.401155
51933,NaN,3.998663,7.480852,6.071891,-0.582060,-0.230335,0.600206,-0.273172,0.185784,-0.131036,-0.034333,0.169380,0.404038,0.898268,49.217783,-19.392747,175.427855
51934,NaN,4.875972,7.199885,5.742037,-1.587491,-0.250558,0.483004,-0.362662,0.381991,-0.152908,-0.034065,0.167408,0.402533,0.899323,48.980720,-19.179655,175.536500
51935,NaN,6.095550,7.009143,4.978739,-3.040791,-0.638999,0.257871,-0.384607,0.817298,-0.261008,-0.034162,0.163273,0.400941,0.900789,48.681926,-18.756203,175.798080
51936,NaN,6.927528,7.148137,4.099030,-4.133125,-1.391325,0.029458,-0.492748,1.477305,-0.385751,-0.034936,0.155915,0.398833,0.902996,48.246123,-18.025986,176.305467
51937,NaN,6.091176,8.307311,4.773444,-3.114091,-1.880803,0.941711,-1.249416,2.496559,-0.430856,-0.036933,0.143976,0.393117,0.907395,47.258461,-16.877343,177.234360
51938,NaN,0.508503,5.259544,6.927653,1.999595,1.377945,-1.445240,-0.966622,2.041500,-0.100221,-0.039745,0.134677,0.388463,0.910703,46.472367,-16.032338,178.077555
51939,NaN,1.356413,6.054972,7.193744,1.250924,0.973983,-0.445857,-0.478349,1.615930,-0.072026,-0.042178,0.127253,0.386054,0.912683,46.025943,-15.357989,178.736538
51940,NaN,1.611787,6.748061,7.560340,1.096031,0.712321,0.364911,-0.241390,1.145409,0.028979,-0.044318,0.122122,0.384746,0.913834,45.765211,-14.909909,179.230775
51941,NaN,0.517815,6.996595,8.005524,2.203723,0.814124,0.569472,-0.184715,0.921694,0.056572,-0.046172,0.118062,0.383733,0.914701,45.564240,-14.561404,179.636446
51942,NaN,-0.349766,7.074832,8.099018,3.020318,0.801134,0.483203,-0.191518,0.542380,0.054915,-0.047301,0.115721,0.382758,0.915351,45.399759,-14.362737,179.882141
51943,NaN,-0.206601,6.951164,8.061083,2.832009,0.844226,0.415187,-0.173939,0.100384,0.052396,-0.047568,0.115413,0.381983,0.915700,45.294601,-14.341882,179.937531
51944,NaN,0.102298,6.971255,7.644605,2.473940,0.515322,0.220399,-0.219030,-0.285133,0.069703,-0.047166,0.116894,0.381067,0.915914,45.199782,-14.482070,179.840844
51945,NaN,0.738763,6.556829,7.742848,1.844692,0.861113,0.154497,-0.180306,-0.670268,0.117297,-0.046263,0.120231,0.380390,0.915810,45.163867,-14.798073,179.600939
51946,NaN,1.133317,6.316963,6.931747,1.336067,0.449854,-0.471935,-0.122142,-0.954508,0.100319,-0.044783,0.124810,0.380047,0.915413,45.195188,-15.221158,179.235311
51947,NaN,2.560137,6.349050,6.034310,-0.139062,-0.182172,-0.689930,-0.009691,-1.034907,0.050315,-0.042980,0.129658,0.380268,0.914734,45.310259,-15.657911,178.811072
51948,NaN,3.243960,6.551166,5.646321,-0.777304,-0.565965,-0.625895,0.006628,-0.958628,0.012348,-0.041169,0.134054,0.380553,0.914065,45.431878,-16.045601,178.403934
51949,NaN,3.756715,6.570734,5.078475,-1.336637,-0.942726,-0.845926,0.045368,-0.796681,-0.025941,-0.039491,0.137644,0.381025,0.913408,45.567585,-16.352362,178.044148
51950,NaN,4.612945,6.728139,4.776466,-2.164048,-1.216306,-0.691330,0.023007,-0.483929,-0.064217,-0.038243,0.139718,0.381329,0.913019,45.655106,-16.516798,177.804764
51951,NaN,5.428048,6.612328,5.120572,-2.879120,-0.848258,-0.304903,-0.031006,-0.047775,-0.111053,-0.037570,0.139747,0.381340,0.913039,45.665644,-16.489641,177.730158
51952,NaN,5.822616,6.719778,5.651455,-3.144814,-0.542957,0.227846,-0.170846,0.470901,-0.194041,-0.037414,0.137250,0.380667,0.913704,45.542301,-16.218214,177.844041
51953,NaN,4.605779,6.820513,6.056504,-1.934052,-0.408993,0.212541,-0.330385,0.954466,-0.197265,-0.038049,0.132586,0.379173,0.914987,45.273155,-15.752554,178.159124
51954,NaN,2.855109,6.563800,6.603227,-0.259098,0.054941,-0.077863,-0.327547,1.097075,-0.077502,-0.039508,0.127472,0.377571,0.916313,44.978740,-15.274410,178.582928
51955,NaN,2.360818,6.734823,7.406512,0.327509,0.435026,0.458165,-0.371597,1.107910,0.043082,-0.041502,0.122542,0.375677,0.917675,44.649110,-14.838233,179.057466
51956,NaN,1.478059,6.557094,8.108232,1.210437,0.995754,0.602031,-0.234708,0.950606,0.107167,-0.043586,0.118421,0.374393,0.918644,44.411353,-14.489897,179.491552
51957,NaN,0.389512,6.389355,8.412008,2.233694,1.297323,0.437426,-0.083752,0.670471,0.130389,-0.045336,0.115609,0.373843,0.919141,44.289117,-14.265690,179.816831
51958,NaN,-0.112125,6.380333,8.302654,2.669797,1.225999,0.238401,0.077408,0.224978,0.128489,-0.046342,0.114789,0.374133,0.919076,44.305324,-14.221749,179.958090
51959,NaN,0.304307,6.689592,8.409914,2.345376,1.093365,0.621564,0.143537,-0.215759,0.128221,-0.046541,0.115994,0.374849,0.918623,44.407150,-14.359297,179.914033
51960,NaN,-0.263271,6.482033,8.044938,2.836491,1.000935,0.074638,0.135063,-0.675707,0.120016,-0.045854,0.119282,0.375614,0.917923,44.550191,-14.680598,179.678532
51961,NaN,0.232711,6.001722,6.439816,2.038092,0.241445,-1.249188,0.256562,-0.967693,0.043261,-0.044323,0.123753,0.377055,0.916815,44.806169,-15.090303,179.284883
51962,NaN,1.593566,6.461345,5.412382,0.664780,-0.759514,-1.294287,0.304412,-1.057172,-0.056959,-0.042207,0.128413,0.378775,0.915564,45.112107,-15.492693,178.811262
51963,NaN,2.165970,6.716113,5.476647,0.224814,-0.847722,-0.923268,0.174147,-1.045568,-0.123964,-0.039714,0.132954,0.379938,0.914546,45.355443,-15.864413,178.308844
51964,NaN,2.805335,6.969892,5.745932,-0.238884,-0.789499,-0.390139,0.044389,-0.984477,-0.173281,-0.037032,0.137107,0.380507,0.913808,45.524581,-16.186242,177.812245
51965,NaN,5.092519,7.504910,6.422018,-2.152643,-0.583101,1.074266,-0.095987,-0.636334,-0.201705,-0.034777,0.139662,0.380389,0.913559,45.578618,-16.357960,177.448819
51966,NaN,6.402107,7.620748,6.967439,-3.257804,-0.222230,1.889674,-0.301567,-0.049548,-0.230418,-0.033372,0.139494,0.379241,0.914114,45.447138,-16.280451,177.325348
51967,NaN,6.260288,7.185795,6.854385,-3.258773,-0.031854,1.465092,-0.378218,0.538017,-0.175499,-0.033275,0.136764,0.377597,0.915210,45.194999,-15.989667,177.473514
51968,NaN,5.956799,7.157930,6.863645,-3.043485,-0.078017,1.347915,-0.379772,0.987322,-0.094634,-0.034397,0.132120,0.375815,0.916583,44.883426,-15.548396,177.843651
51969,NaN,3.483582,6.351813,7.948608,-0.643538,1.104318,0.865644,-0.317317,1.008164,0.059405,-0.036292,0.127647,0.374206,0.917801,44.591772,-15.157303,178.283381
51970,NaN,3.186425,6.225233,8.333262,-0.363091,1.410683,0.968218,-0.167195,0.681982,0.155005,-0.038123,0.124829,0.373274,0.918494,44.413482,-14.937749,178.626595
51971,NaN,1.687734,6.949100,8.846859,1.276687,1.183027,1.429011,-0.209364,0.277788,0.226766,-0.039483,0.124020,0.372197,0.918983,44.250147,-14.912049,178.828742
51972,NaN,0.572158,7.102499,9.164405,2.459743,1.243329,1.463959,-0.241851,-0.264319,0.281694,-0.040086,0.125799,0.371023,0.919190,44.117011,-15.130054,178.833283
51973,NaN,0.643558,7.107271,8.665372,2.352141,0.869622,1.129284,-0.236209,-0.716575,0.260264,-0.039753,0.129629,0.369967,0.919098,44.038055,-15.527331,178.641481
51974,NaN,0.831710,6.910378,7.363128,1.947223,0.097952,0.130088,-0.174503,-1.001708,0.189923,-0.038610,0.134609,0.369297,0.918700,44.036901,-16.012500,178.302166
51975,NaN,1.128982,6.367505,5.376068,1.207824,-0.875719,-1.536469,-0.076358,-1.090333,0.056443,-0.036744,0.139751,0.369183,0.918054,44.122916,-16.482908,177.865136
51976,NaN,1.388299,5.614080,3.940382,0.548590,-1.302205,-2.958850,0.024073,-0.952692,-0.104450,-0.034474,0.143918,0.369598,0.917331,44.271742,-16.829449,177.417098
51977,NaN,1.688596,5.642379,4.050724,0.322269,-1.220223,-2.776831,0.051391,-0.841925,-0.168123,-0.032115,0.147465,0.370177,0.916620,44.436406,-17.104484,176.983111
51978,NaN,2.475605,5.977002,5.150340,-0.070939,-0.650717,-1.569473,-0.003937,-0.818349,-0.164827,-0.029793,0.150902,0.370470,0.916020,44.565423,-17.369598,176.562424
51979,NaN,1.843398,6.379464,7.186094,1.169305,0.431878,-0.107977,-0.084612,-1.074791,-0.111115,-0.027176,0.155644,0.370384,0.915342,44.677420,-17.762187,176.053362
51980,NaN,1.946567,6.237059,7.361087,1.175700,0.678205,-0.064221,0.149351,-1.321029,-0.112914,-0.024281,0.161450,0.371389,0.914010,44.959811,-18.250338,175.438059
51981,NaN,4.694523,7.241557,7.196300,-1.222296,0.089259,1.357036,0.243622,-0.992409,-0.096925,-0.022130,0.165790,0.372771,0.912724,45.257608,-18.610927,174.963045
51982,NaN,5.072801,7.193675,7.647943,-1.403243,0.512100,1.751990,0.152214,-0.482208,-0.104533,-0.020833,0.167771,0.373667,0.912026,45.434077,-18.759301,174.705075
51983,NaN,3.973050,6.732657,8.367984,-0.197823,1.277242,1.565638,0.167820,-0.433494,-0.080502,-0.019743,0.169589,0.374607,0.911328,45.610909,-18.898542,174.475948
51984,NaN,3.027220,6.649493,8.601432,0.803519,1.449606,1.350502,0.297039,-0.843180,-0.004139,-0.018350,0.173385,0.376106,0.910025,45.909873,-19.230646,174.101952
51985,NaN,3.693259,6.889000,7.862142,0.094111,0.888366,1.237747,0.443433,-1.317765,0.099302,-0.016644,0.179540,0.378226,0.907983,46.354292,-19.793320,173.556739
51986,NaN,4.192753,7.153443,7.035903,-0.455331,0.253004,1.049232,0.505036,-1.569272,0.187302,-0.014933,0.186963,0.380531,0.905548,46.864938,-20.485654,172.933290
51987,NaN,4.044467,6.920838,6.567103,-0.364614,0.157429,0.542139,0.643027,-1.620266,0.269955,-0.013622,0.194788,0.383363,0.902721,47.463122,-21.230620,172.308518
51988,NaN,3.967348,7.252080,6.431497,-0.141087,-0.096796,0.659434,0.682344,-1.398061,0.323140,-0.013020,0.201658,0.386274,0.899976,48.048096,-21.902772,171.798712
51989,NaN,3.603868,7.367657,6.270608,0.282072,-0.259098,0.504410,0.692120,-1.150008,0.324752,-0.012891,0.207438,0.389213,0.897394,48.608267,-22.478819,171.389743
51990,NaN,3.507844,7.307665,5.927386,0.336868,-0.397736,0.215675,0.720829,-0.882706,0.276426,-0.013118,0.211878,0.392274,0.895018,49.146016,-22.927201,171.083675
51991,NaN,3.084572,7.184857,5.803035,0.729910,-0.393387,-0.110945,0.663830,-0.566904,0.234051,-0.013708,0.214854,0.395094,0.893057,49.604461,-23.240175,170.902157
51992,NaN,2.818659,6.858619,5.781513,0.949393,-0.161568,-0.459425,0.691485,-0.252155,0.161712,-0.014632,0.216242,0.398086,0.891377,50.031436,-23.400541,170.841099
51993,NaN,2.730988,6.678174,6.036031,1.112291,0.192552,-0.473770,0.713576,0.028733,0.071727,-0.015735,0.216202,0.401238,0.889954,50.431323,-23.418659,170.877215
51994,NaN,2.399768,7.099012,6.424077,1.651513,0.206941,-0.083716,0.786189,0.097234,0.066194,-0.017031,0.215830,0.404717,0.888443,50.861667,-23.408941,170.944458
51995,NaN,2.987560,7.529783,6.514639,1.255421,0.140090,0.505622,0.710681,-0.100979,0.064768,-0.017831,0.216339,0.407867,0.886862,51.286485,-23.470109,170.914329
51996,NaN,3.806745,7.047251,7.337231,0.754264,1.259659,0.949911,0.778478,-0.485533,0.090214,-0.018040,0.218595,0.411324,0.884705,51.822524,-23.679759,170.705827
51997,NaN,4.010945,6.055184,6.264659,0.033008,1.264410,-0.304955,1.290173,-1.038850,0.070008,-0.017576,0.223223,0.417094,0.880849,52.768735,-24.073870,170.210071
51998,NaN,4.377162,7.216688,5.767603,-0.134535,0.338860,0.403452,1.413559,-1.184208,0.048664,-0.016855,0.228397,0.423415,0.876511,53.825570,-24.497777,169.625807
51999,NaN,4.163131,7.688543,4.927610,-0.069989,-0.497631,0.210923,0.893519,-1.019500,0.004589,-0.015673,0.232810,0.427481,0.873392,54.567017,-24.838899,169.095929
52000,NaN,3.546242,6.931101,4.868037,0.356558,-0.087303,-0.637809,0.482642,-0.947876,0.049331,-0.014383,0.237003,0.429663,0.871213,55.051975,-25.170881,168.618495
52001,NaN,3.485091,6.505007,4.460133,0.216478,-0.086610,-1.193009,0.398284,-0.973030,0.141988,-0.013330,0.241517,0.431358,0.869150,55.485292,-25.551972,168.154934
52002,NaN,4.582322,6.921322,3.773497,-0.876018,-0.625631,-0.758268,0.146564,-0.840154,0.095764,-0.012070,0.245352,0.431995,0.867777,55.754680,-25.864905,167.742758
52003,NaN,4.516344,6.498809,4.680537,-0.486007,0.330314,-0.636972,-0.127186,-0.781485,0.141142,-0.010790,0.249051,0.431372,0.867050,55.849241,-26.179707,167.374459
52004,NaN,4.469580,5.703495,3.274951,-1.180634,-0.230266,-1.952327,-0.019772,-0.589529,0.114761,-0.009951,0.251843,0.431237,0.866320,55.967055,-26.419292,167.097906
52005,NaN,5.219236,5.898044,3.192684,-1.802055,-0.253945,-1.511563,0.016467,-0.221846,-0.001775,-0.009440,0.252786,0.431376,0.865982,56.037004,-26.484812,166.973797
52006,NaN,5.285350,6.067658,3.017896,-1.889249,-0.471279,-1.442040,0.062726,0.013460,0.006181,-0.009535,0.252728,0.431703,0.865835,56.077897,-26.479233,166.977516
52007,NaN,5.089111,6.365894,3.402728,-1.484298,-0.407616,-1.115968,0.012533,0.102418,0.036813,-0.009888,0.252339,0.431755,0.865918,56.061522,-26.458385,167.040473
52008,NaN,5.090453,6.381349,3.580401,-1.409655,-0.289693,-1.015953,-0.076907,0.124730,0.050771,-0.010240,0.251902,0.431416,0.866211,55.989013,-26.438363,167.119183
52009,NaN,5.582352,6.511900,3.513448,-1.847713,-0.338928,-0.736188,-0.176934,0.237759,0.004266,-0.010506,0.250881,0.430685,0.866867,55.838698,-26.360035,167.241030
52010,NaN,5.914993,6.765166,3.821599,-1.972026,-0.223663,-0.251298,-0.242604,0.364273,-0.074258,-0.010624,0.249144,0.429771,0.867820,55.635458,-26.203184,167.401041
52011,NaN,6.090881,6.486639,3.504690,-2.358870,-0.280837,-0.549058,-0.307488,0.408804,-0.091365,-0.010682,0.247180,0.428580,0.868969,55.386809,-26.023520,167.577505
52012,NaN,6.157859,6.454800,3.268774,-2.567554,-0.455291,-0.676571,-0.281843,0.558141,-0.206366,-0.010592,0.244316,0.427642,0.870241,55.139597,-25.739993,167.789042
52013,NaN,5.642561,6.317823,3.009611,-2.306699,-0.690397,-1.151667,-0.295731,0.644177,-0.263724,-0.010415,0.240945,0.426695,0.871647,54.874510,-25.399381,168.022751
52014,NaN,5.128335,6.354489,2.692679,-2.033282,-1.079016,-1.528309,-0.376052,0.736229,-0.305073,-0.010162,0.237092,0.425445,0.873316,54.553542,-25.008935,168.286031
52015,NaN,4.749161,6.766328,2.949804,-1.566740,-1.262804,-1.269324,-0.596939,0.796076,-0.259762,-0.009968,0.233071,0.423154,0.875511,54.087685,-24.616807,168.593382
52016,NaN,4.221138,7.199244,3.532446,-0.837828,-1.263039,-0.878078,-0.809508,0.736321,-0.199907,-0.009665,0.229451,0.419864,0.878051,53.508855,-24.271195,168.887302
52017,NaN,3.674306,7.054332,4.020607,-0.250444,-0.978501,-0.957837,-0.940778,0.620302,-0.150010,-0.009187,0.226447,0.415923,0.880707,52.873282,-23.985775,169.136961
52018,NaN,3.662218,6.771977,4.407407,-0.203583,-0.588654,-0.963504,-0.887293,0.582899,-0.106316,-0.008884,0.223688,0.412167,0.883178,52.272927,-23.730530,169.380695
52019,NaN,3.359519,6.584221,4.825842,0.143929,-0.281981,-0.990766,-0.769222,0.543662,-0.017829,-0.009024,0.221270,0.408814,0.885341,51.734844,-23.526724,169.636558
52020,NaN,2.935076,6.622819,4.975369,0.553623,-0.331428,-1.048328,-0.590507,0.517095,0.101050,-0.009832,0.219203,0.406125,0.887083,51.289193,-23.383857,169.922781
52021,NaN,3.159966,7.377900,5.255835,0.573770,-0.661325,-0.258865,-0.624102,0.587438,0.220193,-0.011278,0.217070,0.403135,0.888952,50.792111,-23.267333,170.288650
52022,NaN,3.884434,8.307784,5.916585,0.309955,-0.792916,1.067935,-0.902437,0.808804,0.328337,-0.013345,0.214175,0.398778,0.891587,50.079609,-23.113496,170.801743
52023,NaN,4.077710,8.601298,7.080902,0.564122,-0.275400,2.034344,-1.269107,1.041062,0.382470,-0.015731,0.210351,0.392670,0.895162,49.104934,-22.889258,171.445767
52024,NaN,3.232370,7.925214,8.739778,1.722852,1.069147,2.250711,-1.481829,1.150943,0.334168,-0.017884,0.205955,0.385642,0.899190,48.004528,-22.592773,172.113128
52025,NaN,1.613151,5.564670,9.205815,2.851130,2.708249,0.328835,-0.755869,0.597419,0.313942,-0.019636,0.203929,0.381904,0.901208,47.421996,-22.492566,172.514104
52026,NaN,2.905063,7.795074,8.648873,1.885617,0.836492,2.008909,-0.286693,0.028213,0.266669,-0.020555,0.204332,0.380400,0.901733,47.218757,-22.590536,172.633021
52027,NaN,3.707348,7.986832,8.371492,1.112918,0.573055,2.272373,-0.171323,-0.237752,0.156114,-0.020577,0.205713,0.379557,0.901774,47.146249,-22.745148,172.583236
52028,NaN,3.020206,7.342714,8.750046,1.798775,1.198444,1.803172,-0.096669,-0.615097,0.123877,-0.019825,0.208722,0.379118,0.901283,47.188596,-23.033415,172.348959
52029,NaN,3.235529,7.019561,8.765523,1.629951,1.471626,1.665722,0.086262,-1.044041,0.135330,-0.018494,0.213674,0.379527,0.899978,47.413707,-23.493314,171.920205
52030,NaN,3.939434,7.174851,7.796388,0.776841,0.814127,1.435137,0.270281,-1.273641,0.173350,-0.017102,0.219697,0.380731,0.898045,47.785538,-24.055309,171.398411
52031,NaN,5.245569,7.440084,6.870608,-0.580826,0.215526,1.575500,0.319497,-1.224407,0.193996,-0.015939,0.225542,0.382117,0.896027,48.180908,-24.605261,170.899657
52032,NaN,6.076420,7.310069,6.453479,-1.408293,0.191311,1.588476,0.287477,-0.929901,0.203778,-0.015357,0.230064,0.383308,0.894377,48.503045,-25.043137,170.540442
52033,NaN,5.813850,6.779302,6.576279,-1.149620,0.655103,1.198939,0.323012,-0.590294,0.241415,-0.015625,0.233139,0.384581,0.893028,48.774096,-25.367178,170.353313
52034,NaN,4.405819,6.835091,7.094352,0.390250,0.799930,0.942170,0.411332,-0.413321,0.294922,-0.016585,0.235511,0.386169,0.891702,49.051198,-25.646624,170.272466
52035,NaN,3.317119,6.634102,6.765941,1.241834,0.587951,0.132372,0.511544,-0.484758,0.294639,-0.017522,0.238207,0.388196,0.890087,49.401449,-25.954283,170.154323
52036,NaN,3.938200,6.786640,6.235264,0.573950,0.254839,0.189882,0.554635,-0.636647,0.292183,-0.018206,0.241548,0.390433,0.888192,49.811617,-26.314550,169.959599
52037,NaN,4.203627,7.050114,6.082297,0.405959,0.056382,0.395170,0.451955,-0.686557,0.194132,-0.018230,0.244938,0.392322,0.886429,50.193911,-26.650270,169.695841
52038,NaN,4.108720,6.984593,5.964888,0.487021,0.048231,0.237493,0.335322,-0.605619,0.092163,-0.017820,0.247762,0.393813,0.884990,50.513235,-26.908640,169.428204
52039,NaN,3.896159,6.828098,6.221430,0.796062,0.337290,0.175378,0.238421,-0.533594,0.052063,-0.017255,0.250199,0.394901,0.883831,50.768349,-27.122521,169.178372
52040,NaN,3.982906,6.350977,6.175167,0.633842,0.679761,-0.144850,0.273883,-0.519387,-0.005148,-0.016509,0.252450,0.396225,0.882611,51.054395,-27.304125,168.910477
52041,NaN,4.335117,6.555202,6.047732,0.355102,0.549208,0.082311,0.348467,-0.461017,-0.064608,-0.015701,0.254326,0.397943,0.881313,51.382149,-27.437301,168.645013
52042,NaN,4.669782,6.909601,6.197362,0.240012,0.516843,0.561887,0.355172,-0.356049,-0.090313,-0.015006,0.255678,0.399715,0.880132,51.694867,-27.519869,168.422639
52043,NaN,4.895639,6.849019,6.026790,-0.023068,0.522484,0.527759,0.333064,-0.307581,-0.139611,-0.014155,0.256734,0.401442,0.879052,51.993380,-27.563341,168.202938
52044,NaN,4.675366,7.052516,5.408439,-0.041260,-0.051686,0.229409,0.334080,-0.274277,-0.149701,-0.013335,0.257605,0.403186,0.878011,52.286473,-27.588214,167.997574
52045,NaN,4.711914,8.045910,5.288679,0.119131,-0.762018,0.879083,0.233728,-0.276033,-0.073942,-0.012700,0.258640,0.404390,0.877162,52.508999,-27.646119,167.819515
52046,NaN,5.362285,8.753817,5.493168,-0.167741,-0.948802,1.790325,0.019363,-0.299020,0.051361,-0.012306,0.260045,0.404492,0.876705,52.591521,-27.769763,167.680116
52047,NaN,6.005438,8.763471,6.031177,-0.453013,-0.451042,2.386905,-0.171129,-0.304839,0.127556,-0.011983,0.261649,0.403651,0.876620,52.552042,-27.930984,167.566773
52048,NaN,5.684302,8.492446,6.223328,-0.122098,-0.210535,2.149895,-0.267960,-0.329654,0.126677,-0.011482,0.263357,0.402394,0.876693,52.464174,-28.099642,167.441057
52049,NaN,5.354614,8.512583,6.363425,0.260113,-0.214516,2.083333,-0.338328,-0.366352,0.112622,-0.010759,0.265203,0.400831,0.876862,52.345455,-28.275871,167.291991
52050,NaN,5.271668,8.693073,6.709654,0.558718,-0.145947,2.354717,-0.477996,-0.337763,0.108214,-0.009884,0.266916,0.398673,0.877336,52.143158,-28.439519,167.155221
52051,NaN,4.473203,8.108582,7.081738,1.301242,0.305515,1.768450,-0.603843,-0.300202,0.071139,-0.008743,0.268411,0.396006,0.878099,51.867434,-28.574961,167.021380
52052,NaN,4.442245,7.842298,6.911313,1.204950,0.305660,1.476945,-0.595772,-0.350333,0.027837,-0.007333,0.270021,0.393432,0.878776,51.616304,-28.707956,166.846947
52053,NaN,3.969127,7.716795,6.779779,1.535603,0.152605,1.090829,-0.573052,-0.340982,0.029961,-0.005984,0.271588,0.390933,0.879418,51.373214,-28.839441,166.679631
52054,NaN,4.251439,7.150057,6.290130,0.953288,0.215536,0.570393,-0.568671,-0.365066,0.019971,-0.004547,0.273240,0.388480,0.880002,51.143107,-28.975490,166.495298
52055,NaN,4.522443,6.837102,6.103270,0.579432,0.317597,0.385920,-0.536492,-0.322688,0.004293,-0.003160,0.274667,0.386177,0.880577,50.923087,-29.089278,166.326298
52056,NaN,4.907537,6.438465,5.556925,-0.088102,0.267793,0.002484,-0.508828,-0.259681,-0.051357,-0.001695,0.275711,0.384075,0.881173,50.715787,-29.156733,166.166801
52057,NaN,4.480713,5.996470,5.047686,-0.065365,0.118249,-0.785214,-0.433273,-0.244318,-0.127099,-0.000024,0.276545,0.382401,0.881642,50.562795,-29.185930,165.982919
52058,NaN,4.122802,5.780932,4.719491,0.033353,-0.042577,-1.287001,-0.355490,-0.318114,-0.171385,0.001870,0.277612,0.381136,0.881852,50.482298,-29.222309,165.744003
52059,NaN,4.566853,6.164891,4.507216,-0.362787,-0.370189,-0.929649,-0.295190,-0.361552,-0.178477,0.003799,0.278872,0.380137,0.881880,50.448678,-29.273231,165.478684
52060,NaN,5.049983,6.698043,4.849451,-0.490828,-0.422470,-0.145015,-0.346071,-0.272461,-0.177179,0.005619,0.279723,0.378918,0.882125,50.363792,-29.290805,165.260355
52061,NaN,5.543437,7.109169,5.015398,-0.752671,-0.513886,0.463182,-0.465648,-0.052642,-0.177949,0.007199,0.279616,0.377171,0.882896,50.156370,-29.229763,165.151219
52062,NaN,4.770640,7.050857,5.240211,-0.028246,-0.529733,0.169884,-0.599271,0.102110,-0.189002,0.008717,0.278780,0.374858,0.884131,49.836515,-29.105548,165.116564
52063,NaN,3.812086,6.761064,5.638215,0.888284,-0.319316,-0.265848,-0.688886,0.071324,-0.234873,0.010629,0.277990,0.372202,0.885480,49.482258,-28.972957,165.045263
52064,NaN,3.149544,6.567547,5.806928,1.464996,-0.267813,-0.617335,-0.735386,-0.097715,-0.267005,0.013053,0.277879,0.369375,0.886665,49.149159,-28.889856,164.876514
52065,NaN,2.581323,6.263206,5.917885,1.928177,-0.154642,-1.028023,-0.740656,-0.372390,-0.283480,0.016072,0.278963,0.366520,0.887460,48.882286,-28.904765,164.563102
52066,NaN,2.867499,6.206340,5.645012,1.539244,-0.267638,-1.085357,-0.705973,-0.678024,-0.282040,0.019589,0.281389,0.363787,0.887747,48.708218,-29.035558,164.101016
52067,NaN,3.068430,6.231927,5.267023,1.195441,-0.519130,-1.193235,-0.720364,-0.857481,-0.253783,0.023350,0.284658,0.360931,0.887780,48.566077,-29.246748,163.559443
52068,NaN,3.593762,5.906570,4.749375,0.453935,-0.510076,-1.452491,-0.791065,-1.013425,-0.304519,0.027694,0.288504,0.357793,0.887684,48.432399,-29.497322,162.921377
52069,NaN,4.077844,5.780958,4.364525,-0.152360,-0.560866,-1.520553,-0.837258,-0.975335,-0.336610,0.032196,0.292117,0.354492,0.887675,48.274468,-29.721399,162.284099
52070,NaN,4.182123,5.603704,3.986491,-0.457170,-0.658669,-1.803890,-0.917617,-0.895916,-0.373418,0.036819,0.295274,0.350880,0.887886,48.059420,-29.900874,161.672407
52071,NaN,3.947197,5.329903,3.610484,-0.507737,-0.770239,-2.317842,-1.004143,-0.822841,-0.437157,0.041733,0.297970,0.346973,0.888303,47.792686,-30.027463,161.066823
52072,NaN,4.497807,5.305461,3.580139,-0.987966,-0.642634,-2.079225,-1.119463,-0.709891,-0.503501,0.046905,0.300006,0.342661,0.889033,47.447517,-30.085095,160.488553
52073,NaN,4.537250,5.250394,3.952784,-0.837785,-0.406731,-1.881089,-1.242851,-0.480737,-0.531861,0.052001,0.300937,0.337877,0.890265,46.982315,-30.045491,160.007993
52074,NaN,4.371042,5.051179,4.256881,-0.589371,-0.174580,-1.915650,-1.331008,-0.198377,-0.587768,0.056991,0.300472,0.332843,0.892011,46.410397,-29.875039,159.639383
52075,NaN,4.028089,4.526625,4.619090,-0.204884,0.278880,-2.201407,-1.361079,-0.035286,-0.648511,0.062031,0.299159,0.327793,0.893984,45.796290,-29.618399,159.317926
52076,NaN,3.330073,4.185942,4.482324,0.203532,0.206678,-2.840011,-1.208036,0.009215,-0.652289,0.066774,0.297667,0.323431,0.895728,45.259877,-29.344789,159.014903
52077,NaN,2.883923,3.986281,4.552818,0.548295,0.220831,-3.135416,-1.112082,-0.114337,-0.687106,0.071731,0.296697,0.319488,0.897080,44.813609,-29.110008,158.635848
52078,NaN,2.773400,3.607962,4.430870,0.513684,0.383410,-3.493610,-1.027396,-0.338443,-0.680673,0.076885,0.296754,0.315828,0.897930,44.464503,-28.970831,158.155987
52079,NaN,3.118766,3.212328,4.305319,0.128324,0.717308,-3.644179,-0.895963,-0.597690,-0.691671,0.082313,0.297995,0.312664,0.898145,44.250540,-28.934705,157.550423
52080,NaN,3.676919,3.063876,4.089799,-0.452743,0.899089,-3.598174,-0.765189,-0.701881,-0.702856,0.087742,0.299729,0.310046,0.897962,44.136561,-28.939236,156.893541
52081,NaN,3.852709,3.118405,3.869075,-0.714345,0.804926,-3.617580,-0.681572,-0.764498,-0.731196,0.093281,0.301748,0.307812,0.897496,44.093118,-28.960701,156.191485
52082,NaN,4.177419,3.106521,3.543371,-1.158807,0.775482,-3.671633,-0.708474,-0.827377,-0.794751,0.099224,0.303903,0.305506,0.896919,44.060711,-28.981434,155.433990
52083,NaN,4.177075,2.866763,3.206820,-1.353775,0.816788,-4.029082,-0.734608,-0.829059,-0.893099,0.105666,0.305914,0.303227,0.896273,44.039377,-28.965539,154.625174
52084,NaN,4.164651,2.517107,2.881728,-1.534185,0.955527,-4.453798,-0.710065,-0.749016,-0.989258,0.112354,0.307391,0.301221,0.895630,44.032321,-28.877002,153.812182
52085,NaN,3.940862,2.454952,2.629832,-1.511598,0.826289,-4.762395,-0.632946,-0.567598,-1.045777,0.118909,0.308028,0.299737,0.895063,44.042436,-28.693642,153.053025
52086,NaN,3.692346,2.490558,2.438272,-1.444551,0.638118,-4.986978,-0.598925,-0.441619,-1.065959,0.125297,0.308049,0.298496,0.894599,44.043914,-28.447859,152.346220
52087,NaN,3.551187,2.852605,2.492185,-1.332027,0.344260,-4.806055,-0.609601,-0.222868,-1.015733,0.131169,0.307168,0.297267,0.894469,43.980709,-28.132956,151.759129
52088,NaN,3.441348,2.968933,3.600035,-0.582421,0.724387,-4.089606,-0.569159,-0.083026,-0.905902,0.136253,0.305820,0.296121,0.894551,43.880324,-27.804053,151.291935
52089,NaN,3.933614,3.214281,4.555214,-0.407806,1.181852,-3.105100,-0.422448,0.022169,-0.833236,0.140636,0.304223,0.295581,0.894596,43.824580,-27.462903,150.904515
52090,NaN,4.129227,3.755857,5.252119,-0.193612,1.172487,-2.241072,-0.250779,0.101619,-0.850863,0.144708,0.302337,0.295888,0.894484,43.850995,-27.080201,150.547716
52091,NaN,4.288840,4.159131,5.689856,-0.109982,1.157364,-1.644754,-0.054112,0.087635,-0.921787,0.148828,0.300558,0.297162,0.893985,44.005233,-26.675509,150.151864
52092,NaN,4.562071,5.168571,6.055003,-0.212199,0.713512,-0.667467,0.189079,-0.017525,-1.004710,0.153095,0.299287,0.299566,0.892888,44.332223,-26.278526,149.676264
52093,NaN,4.733390,6.027085,6.173636,-0.375841,0.260782,0.017601,0.248862,-0.157507,-1.099258,0.157909,0.298563,0.302260,0.891383,44.736643,-25.900391,149.096719
52094,NaN,4.627422,6.562032,6.094145,-0.420140,-0.138709,0.257827,0.281759,-0.270547,-1.221215,0.163374,0.298146,0.305184,0.889540,45.198527,-25.512412,148.419319
52095,NaN,4.165448,6.978700,6.238137,-0.040440,-0.510486,0.419836,0.229676,-0.373802,-1.266305,0.169264,0.298108,0.307839,0.887534,45.654328,-25.147554,147.678400
52096,NaN,3.612474,7.143543,6.234596,0.342680,-0.811967,0.295380,0.199854,-0.511927,-1.230118,0.175245,0.298656,0.310184,0.885370,46.105032,-24.842526,146.898412
52097,NaN,3.483110,7.375953,6.461739,0.551000,-0.866755,0.542768,0.202928,-0.678511,-1.134340,0.181046,0.300118,0.312233,0.882985,46.568499,-24.641668,146.086123
52098,NaN,4.017114,7.492039,6.788624,0.354051,-0.459702,1.050834,0.227009,-0.767167,-1.023693,0.186455,0.302113,0.314135,0.880501,47.037940,-24.511613,145.286059
52099,NaN,4.653941,7.900352,7.101097,0.048962,-0.211628,1.782677,0.280657,-0.715632,-0.930945,0.191269,0.304089,0.316142,0.878066,47.507411,-24.398703,144.552326
52100,NaN,5.074018,8.446625,7.184299,-0.259500,-0.265388,2.376114,0.280502,-0.614599,-0.841822,0.195543,0.305728,0.318125,0.875837,47.941877,-24.275265,143.904104
52101,NaN,5.291279,8.730627,7.356311,-0.322888,-0.193002,2.764858,0.287457,-0.514368,-0.777882,0.199347,0.307074,0.320117,0.873780,48.349088,-24.142098,143.329972
52102,NaN,5.376766,9.099988,7.287838,-0.465927,-0.351976,3.012690,0.324869,-0.452879,-0.761824,0.202935,0.308161,0.322315,0.871761,48.760185,-23.983144,142.794462
52103,NaN,5.287912,9.414951,7.186460,-0.500475,-0.577751,3.135809,0.317598,-0.402250,-0.756651,0.206411,0.309047,0.324497,0.869820,49.153180,-23.807856,142.287236
52104,NaN,5.059798,9.657754,7.192707,-0.358033,-0.783139,3.220603,0.278014,-0.400837,-0.760652,0.209973,0.309848,0.326529,0.867920,49.522785,-23.623312,141.780767
52105,NaN,5.008417,9.990693,7.199852,-0.362998,-0.957855,3.441982,0.183745,-0.421600,-0.762185,0.213689,0.310676,0.328100,0.866122,49.839807,-23.449684,141.266130
52106,NaN,5.151493,9.709593,7.209029,-0.409960,-0.598843,3.311986,0.138482,-0.413570,-0.741668,0.217397,0.311403,0.329470,0.864417,50.124538,-23.272960,140.764847
52107,NaN,4.772083,9.541744,7.215308,-0.106159,-0.629276,3.050853,0.124967,-0.385988,-0.736963,0.221040,0.312020,0.330777,0.862770,50.391984,-23.089816,140.281040
52108,NaN,4.430172,9.263143,7.137790,0.133242,-0.605050,2.677153,0.153653,-0.415657,-0.711993,0.224592,0.312811,0.332152,0.861036,50.677102,-22.922550,139.793698
52109,NaN,4.333479,9.084502,6.954078,0.118297,-0.555775,2.407918,0.208522,-0.464955,-0.664004,0.227905,0.313999,0.333611,0.859167,50.994987,-22.798565,139.302283
52110,NaN,4.344012,9.175516,6.645770,-0.098550,-0.680140,2.301525,0.236314,-0.531303,-0.608623,0.231067,0.315542,0.335036,0.857200,51.330452,-22.714078,138.802163
52111,NaN,4.479774,9.139085,6.386191,-0.337749,-0.628139,2.181717,0.212862,-0.602997,-0.537149,0.234051,0.317488,0.336125,0.855243,51.650587,-22.688399,138.298331
52112,NaN,4.635502,9.115073,6.344792,-0.435160,-0.485898,2.204097,0.173263,-0.617027,-0.455818,0.236794,0.319570,0.336928,0.853395,51.942424,-22.697992,137.816340
52113,NaN,4.722453,9.049987,6.229045,-0.527425,-0.401976,2.127367,0.111605,-0.615315,-0.363374,0.239210,0.321735,0.337284,0.851766,52.181755,-22.750732,137.372890
52114,NaN,4.799214,8.796170,6.181074,-0.529500,-0.182435,1.947285,0.062609,-0.562425,-0.259206,0.241194,0.323775,0.337356,0.850403,52.371735,-22.826560,136.992094
52115,NaN,5.003785,8.538946,6.208754,-0.563313,0.138840,1.856220,0.034134,-0.499183,-0.163038,0.242659,0.325703,0.337179,0.849320,52.515685,-22.930474,136.682365
52116,NaN,5.126363,8.401330,5.962218,-0.766133,0.211334,1.666786,0.010731,-0.369885,-0.098268,0.243715,0.327130,0.336998,0.848541,52.616526,-23.010692,136.456667
52117,NaN,5.371469,8.312970,5.867229,-0.963699,0.386053,1.646142,-0.056792,-0.196600,-0.063331,0.244389,0.327815,0.336626,0.848230,52.633766,-23.053423,136.335297
52118,NaN,5.178468,7.950191,5.793342,-0.819888,0.467503,1.264049,-0.154861,0.010883,-0.037418,0.244816,0.327526,0.336107,0.848424,52.557332,-23.028709,136.320776
52119,NaN,4.872989,7.446035,5.723641,-0.588919,0.568038,0.736244,-0.217184,0.181179,-0.057165,0.245121,0.326419,0.335536,0.848989,52.412665,-22.939434,136.384684
52120,NaN,4.459203,6.952542,5.678047,-0.281885,0.606821,0.188050,-0.204070,0.322381,-0.085048,0.245307,0.324666,0.335266,0.849713,52.255498,-22.784120,136.505286
52121,NaN,3.722074,6.679516,5.828840,0.335038,0.382339,-0.211303,-0.165810,0.395026,-0.125897,0.245439,0.322608,0.335269,0.850458,52.108892,-22.591190,136.649105
52122,NaN,3.207368,6.400317,5.892436,0.745000,0.276711,-0.574703,-0.075632,0.394053,-0.157648,0.245604,0.320584,0.335747,0.850987,52.023653,-22.377305,136.775967
52123,NaN,2.995360,6.236561,5.869835,0.876372,0.257175,-0.785639,0.028043,0.316626,-0.162370,0.245714,0.319019,0.336531,0.851233,52.008002,-22.193678,136.867044
52124,NaN,2.877390,6.302053,5.906763,0.951509,0.179196,-0.760199,0.148952,0.228641,-0.185250,0.245914,0.317926,0.337804,0.851080,52.086676,-22.025572,136.902329
52125,NaN,2.867840,6.322771,6.085898,1.074992,0.264312,-0.646743,0.252912,0.103209,-0.215826,0.246261,0.317456,0.339376,0.850530,52.248213,-21.892227,136.868099
52126,NaN,3.194538,6.551462,6.349458,1.000491,0.471123,-0.209601,0.351016,-0.019774,-0.247593,0.246823,0.317561,0.341299,0.849558,52.496372,-21.782916,136.759410
52127,NaN,3.520345,6.964970,6.428786,0.772205,0.488801,0.256944,0.444828,-0.120578,-0.278374,0.247511,0.318181,0.343518,0.848230,52.818823,-21.699176,136.591924
52128,NaN,3.935483,7.386906,6.322008,0.363409,0.489751,0.658698,0.534373,-0.220470,-0.285602,0.248283,0.319294,0.346026,0.846565,53.212908,-21.640521,136.371752
52129,NaN,4.075639,7.877787,6.080174,0.045050,0.219908,0.938498,0.602935,-0.338131,-0.278135,0.249091,0.321014,0.348633,0.844605,53.663601,-21.627958,136.098649
52130,NaN,4.273652,8.537701,5.840820,-0.333017,-0.114973,1.374223,0.583272,-0.394850,-0.237455,0.249878,0.323001,0.351046,0.842614,54.110776,-21.647370,135.810169
52131,NaN,4.649308,8.961419,5.719106,-0.693433,-0.139161,1.768789,0.510946,-0.418748,-0.171593,0.250523,0.325122,0.352987,0.840794,54.510078,-21.706872,135.534791
52132,NaN,5.096159,9.208040,5.603547,-1.065719,-0.010497,2.062598,0.377525,-0.347737,-0.121711,0.251067,0.326849,0.354398,0.839367,54.815917,-21.761138,135.310858
52133,NaN,5.369064,9.191507,5.553352,-1.239747,0.185101,2.127958,0.212558,-0.218582,-0.088277,0.251489,0.327901,0.355198,0.838492,54.996910,-21.791411,135.165221
52134,NaN,5.331847,8.998291,5.539459,-1.173038,0.293141,1.961075,0.055699,-0.028486,-0.089434,0.251856,0.327940,0.355605,0.838194,55.054555,-21.754662,135.113676
52135,NaN,4.848127,8.573998,5.555755,-0.772838,0.255556,1.466566,-0.088060,0.166444,-0.098603,0.252132,0.326963,0.355637,0.838479,54.990343,-21.651978,135.160111
52136,NaN,4.167770,8.212964,5.616650,-0.241454,0.063930,0.971901,-0.189205,0.300255,-0.097534,0.252349,0.325300,0.355444,0.839142,54.847602,-21.503267,135.271448
52137,NaN,3.439486,7.713577,5.631793,0.308519,-0.096830,0.333333,-0.231303,0.327504,-0.082277,0.252518,0.323493,0.355064,0.839951,54.671787,-21.353200,135.402331
52138,NaN,3.072219,7.432101,5.681352,0.607052,-0.143222,0.013975,-0.218503,0.274224,-0.048717,0.252622,0.321987,0.354633,0.840680,54.511604,-21.235338,135.516885
52139,NaN,3.106637,7.257633,5.628861,0.550816,-0.039731,-0.132632,-0.201204,0.235401,-0.020312,0.252645,0.320717,0.354166,0.841355,54.363555,-21.144185,135.622109
52140,NaN,3.206443,7.151016,5.579149,0.444179,0.063613,-0.203119,-0.195649,0.210087,0.016054,0.252552,0.319622,0.353645,0.842018,54.220256,-21.077349,135.727090
52141,NaN,3.214704,6.913384,5.494924,0.404394,0.173085,-0.424937,-0.146596,0.190020,0.028951,0.252352,0.318699,0.353263,0.842588,54.104748,-21.024765,135.827843
52142,NaN,3.210082,6.736695,5.397474,0.357219,0.234324,-0.612803,-0.069617,0.183248,0.033097,0.252033,0.317906,0.353210,0.843005,54.036558,-20.974481,135.925270
52143,NaN,3.131754,6.680695,5.221446,0.284262,0.142455,-0.779307,0.007279,0.195107,0.037436,0.251545,0.317173,0.353473,0.843317,54.008205,-20.923808,136.030841
52144,NaN,2.978695,6.617928,5.027050,0.254275,0.002606,-0.987940,0.067689,0.192012,0.036861,0.250976,0.316522,0.354003,0.843508,54.016855,-20.872226,136.133852
52145,NaN,2.936685,6.498723,4.874765,0.194695,-0.008516,-1.176550,0.125938,0.201433,0.036860,0.250301,0.315915,0.354789,0.843607,54.057852,-20.818496,136.240515
52146,NaN,3.152221,6.825472,4.623821,-0.196219,-0.172594,-0.990274,0.130788,0.213229,0.020519,0.249663,0.315224,0.355636,0.843697,54.101196,-20.752312,136.348168
52147,NaN,3.478144,6.988561,4.490124,-0.548725,-0.111995,-0.824638,0.108935,0.258810,0.000800,0.249056,0.314286,0.356468,0.843876,54.125807,-20.663258,136.471543
52148,NaN,3.544260,7.168658,4.773581,-0.439671,-0.041764,-0.509816,0.097873,0.343932,-0.045765,0.248516,0.312882,0.357443,0.844144,54.136216,-20.522510,136.620179
52149,NaN,3.497626,7.454819,5.029572,-0.302495,-0.117413,-0.169091,0.084321,0.421925,-0.085947,0.248018,0.311063,0.358501,0.844514,54.128820,-20.338461,136.793946
52150,NaN,3.431258,7.547331,5.323259,-0.094106,-0.063210,0.039209,0.083138,0.472582,-0.108344,0.247532,0.308984,0.359667,0.844924,54.117523,-20.125444,136.983473
52151,NaN,3.267558,7.605259,5.461220,0.073906,-0.116563,0.103091,0.086008,0.519112,-0.126529,0.247029,0.306676,0.360914,0.845380,54.101098,-19.889216,137.189981
52152,NaN,3.097230,7.640706,5.590026,0.242794,-0.161235,0.144045,0.087889,0.526842,-0.126529,0.246512,0.304336,0.362191,0.845830,54.087334,-19.649437,137.399102
52153,NaN,2.872196,7.585889,5.623886,0.403670,-0.228590,0.046724,0.100491,0.477690,-0.116889,0.246011,0.302232,0.363419,0.846204,54.085420,-19.432093,137.589031
52154,NaN,2.881375,7.541603,5.617061,0.377508,-0.172649,0.013659,0.115355,0.396827,-0.104710,0.245593,0.300512,0.364614,0.846424,54.107657,-19.246133,137.741428
52155,NaN,2.835767,7.444548,5.630290,0.421065,-0.111990,-0.067270,0.128017,0.280851,-0.095526,0.245326,0.299323,0.365700,0.846454,54.155232,-19.104673,137.839629
52156,NaN,2.906189,7.302500,5.511205,0.310843,-0.015632,-0.218474,0.143478,0.116227,-0.085021,0.245294,0.298859,0.366638,0.846221,54.237024,-19.022166,137.861138
52157,NaN,2.936445,7.272237,5.312374,0.160676,-0.053202,-0.341638,0.164345,0.025095,-0.097357,0.245449,0.298786,0.367563,0.845801,54.345956,-18.965052,137.833536
52158,NaN,2.973919,7.288814,5.126777,0.008946,-0.107274,-0.418901,0.186550,0.005982,-0.122273,0.245711,0.298772,0.368603,0.845277,54.474254,-18.902026,137.787917
52159,NaN,2.905952,7.321515,5.004578,-0.027480,-0.206549,-0.482549,0.193924,-0.019275,-0.141496,0.246086,0.298843,0.369660,0.844681,54.611840,-18.839450,137.723563
52160,NaN,2.956495,7.404546,4.995967,-0.077506,-0.205273,-0.406325,0.198828,-0.065015,-0.167387,0.246651,0.299060,0.370731,0.843970,54.763360,-18.778637,137.627451
52161,NaN,2.937492,7.521956,4.986274,-0.085970,-0.269250,-0.326293,0.175676,-0.075311,-0.180059,0.247317,0.299278,0.371702,0.843270,54.904180,-18.716699,137.522048
52162,NaN,2.986476,7.658033,5.048674,-0.098418,-0.266842,-0.170453,0.144700,-0.055289,-0.185173,0.248019,0.299353,0.372581,0.842649,55.024794,-18.643903,137.424961
52163,NaN,3.000934,7.797241,5.187214,-0.037483,-0.252888,0.018100,0.124321,-0.022962,-0.175093,0.248638,0.299299,0.373391,0.842128,55.127026,-18.567271,137.347799
52164,NaN,3.105845,7.859829,5.292945,-0.050607,-0.151009,0.157923,0.100324,0.014371,-0.175342,0.249234,0.299043,0.374154,0.841703,55.209790,-18.475975,137.289020
52165,NaN,3.281450,7.857284,5.340106,-0.143462,0.006366,0.237233,0.089021,0.045749,-0.163255,0.249735,0.298665,0.374882,0.841365,55.278726,-18.380753,137.250347
52166,NaN,3.431608,8.198883,5.601953,-0.140747,0.045392,0.692435,0.055726,0.068375,-0.155721,0.250214,0.298162,0.375495,0.841128,55.325112,-18.280957,137.225399
52167,NaN,3.194214,7.833926,5.545207,0.050276,0.099025,0.302171,0.061096,0.063745,-0.148318,0.250659,0.297706,0.376106,0.840884,55.373927,-18.187204,137.200788
52168,NaN,3.403726,7.999813,5.317329,-0.290169,0.043818,0.374079,0.092647,0.041929,-0.130961,0.251028,0.297406,0.376804,0.840567,55.442771,-18.107646,137.171410
52169,NaN,3.422586,8.160824,5.235913,-0.393190,-0.061419,0.462017,0.087988,0.041867,-0.109565,0.251304,0.297153,0.377440,0.840289,55.506004,-18.040198,137.149827
52170,NaN,3.357644,8.144617,5.240584,-0.343965,-0.076430,0.431731,0.059465,0.040887,-0.102449,0.251604,0.296869,0.377954,0.840068,55.552860,-17.974386,137.129854
52171,NaN,3.495685,8.051079,5.335346,-0.360653,0.126020,0.451797,0.029444,0.052394,-0.085677,0.251857,0.296528,0.378321,0.839948,55.577508,-17.912884,137.121718
52172,NaN,3.369701,7.993517,5.399122,-0.222700,0.120412,0.401891,0.041294,0.077058,-0.079301,0.252018,0.296113,0.378770,0.839844,55.605950,-17.846283,137.127676
52173,NaN,3.253021,8.184265,5.646655,-0.014127,0.067285,0.648876,0.080934,0.101720,-0.092639,0.252127,0.295624,0.379427,0.839687,55.653969,-17.766303,137.141556
52174,NaN,3.248070,8.410025,5.609254,-0.085652,-0.068262,0.804760,0.120792,0.122447,-0.091059,0.252133,0.295096,0.380284,0.839483,55.722289,-17.679487,137.166190
52175,NaN,3.256153,8.814052,5.654264,-0.143299,-0.257270,1.149703,0.132012,0.118256,-0.078480,0.252069,0.294630,0.381151,0.839273,55.795135,-17.601596,137.193833
52176,NaN,3.180671,8.924189,5.669973,-0.103837,-0.345497,1.222540,0.079308,0.093000,-0.056909,0.252049,0.294238,0.381745,0.839146,55.840632,-17.540498,137.215543
52177,NaN,2.998984,8.874180,5.801275,0.121389,-0.358369,1.198970,0.039204,0.040924,-0.037130,0.252102,0.294058,0.382071,0.839045,55.868665,-17.506490,137.217945
52178,NaN,3.151122,8.714754,5.776242,0.028154,-0.174577,1.105655,-0.006843,0.014555,-0.001304,0.252125,0.293993,0.382123,0.839037,55.870907,-17.497001,137.219438
52179,NaN,3.084991,8.464759,5.844020,0.169457,-0.039765,0.924704,-0.038708,0.011626,0.028435,0.252071,0.293966,0.381989,0.839124,55.852252,-17.503923,137.229385
52180,NaN,3.017505,8.213794,5.756386,0.206359,0.014717,0.659414,-0.042289,-0.017158,0.054627,0.251973,0.294096,0.381770,0.839207,55.833252,-17.531154,137.233974
52181,NaN,2.930612,8.036019,5.531317,0.150761,-0.055215,0.372389,-0.030500,-0.035726,0.069624,0.251826,0.294350,0.381547,0.839263,55.821471,-17.572179,137.234586
52182,NaN,2.854177,7.950905,5.335654,0.092074,-0.158020,0.177256,-0.020382,-0.054427,0.086024,0.251635,0.294724,0.381327,0.839290,55.817410,-17.626287,137.231259
52183,NaN,2.817825,7.860363,5.221936,0.064523,-0.192471,0.033776,-0.025442,-0.079982,0.092444,0.251465,0.295217,0.381035,0.839300,55.812861,-17.693028,137.217846
52184,NaN,2.858037,7.719724,5.235514,0.080593,-0.085899,-0.057727,-0.038704,-0.083440,0.080054,0.251380,0.295678,0.380710,0.839311,55.803315,-17.753648,137.198074
52185,NaN,2.954621,7.648561,5.256758,0.046426,0.020628,-0.073016,-0.052421,-0.047338,0.063079,0.251313,0.295943,0.380390,0.839383,55.781497,-17.795762,137.190889
52186,NaN,2.960707,7.550596,5.152990,-0.009285,0.024251,-0.203842,-0.065613,0.002114,0.049835,0.251232,0.295953,0.380104,0.839533,55.746661,-17.814505,137.203490
52187,NaN,2.909808,7.421573,5.237785,0.108110,0.104415,-0.275469,-0.030400,0.031701,0.016807,0.251174,0.295828,0.380043,0.839622,55.730245,-17.809449,137.220037
52188,NaN,2.935941,7.517004,5.328601,0.130605,0.109666,-0.143664,-0.022573,0.042663,0.003620,0.251147,0.295634,0.380058,0.839692,55.718689,-17.793219,137.237153
52189,NaN,2.858423,7.471307,5.485450,0.298798,0.163862,-0.119131,-0.007134,0.040323,0.002834,0.251096,0.295469,0.380122,0.839736,55.714797,-17.778523,137.253864
52190,NaN,2.844434,7.675378,5.420741,0.222054,0.004846,0.002471,-0.011533,0.027067,0.009695,0.251056,0.295367,0.380153,0.839770,55.711315,-17.770200,137.265280
52191,NaN,2.824771,7.598153,5.499009,0.303789,0.074564,-0.022257,-0.028210,0.011748,0.033940,0.250966,0.295353,0.380052,0.839847,55.697069,-17.778714,137.277653
52192,NaN,2.930709,7.603770,5.677023,0.351647,0.224188,0.110066,-0.022714,-0.023139,0.036508,0.250926,0.295498,0.379935,0.839861,55.692024,-17.799290,137.273206
52193,NaN,3.210131,7.640092,5.712363,0.175588,0.396517,0.243106,-0.033529,-0.026814,0.053743,0.250835,0.295679,0.379735,0.839915,55.678897,-17.829663,137.272875
52194,NaN,3.423158,7.676603,5.686849,0.002430,0.494346,0.323589,-0.056422,0.020727,0.065903,0.250638,0.295653,0.379488,0.840095,55.644803,-17.849971,137.300220
52195,NaN,3.539683,7.530667,5.615397,-0.102400,0.613776,0.206583,-0.064184,0.062812,0.058137,0.250399,0.295438,0.379267,0.840341,55.600885,-17.854557,137.345648
52196,NaN,3.467279,7.481535,5.544824,-0.097618,0.556979,0.108034,-0.055896,0.132717,0.045204,0.250075,0.294903,0.379193,0.840659,55.552204,-17.828771,137.421585
52197,NaN,3.168337,7.434278,5.462387,0.053964,0.350426,-0.064929,-0.040307,0.188986,0.027538,0.249694,0.294118,0.379271,0.841012,55.504886,-17.776867,137.519638
52198,NaN,2.962972,7.452002,5.468868,0.186435,0.213095,-0.110117,-0.023568,0.219501,0.015136,0.249284,0.293202,0.379485,0.841357,55.464892,-17.708595,137.628257
52199,NaN,2.876321,7.492083,5.528649,0.267438,0.167086,-0.072512,-0.013984,0.219570,0.011245,0.248872,0.292297,0.379739,0.841679,55.430842,-17.639547,137.735339
52200,NaN,3.016626,7.848463,5.888032,0.329282,0.230813,0.444291,0.003979,0.250785,0.003759,0.248410,0.291260,0.380122,0.842002,55.403438,-17.555612,137.855387
52201,NaN,3.231004,8.778034,6.448120,0.358423,0.108892,1.542098,0.033472,0.322791,-0.000809,0.247783,0.289954,0.380719,0.842368,55.382554,-17.447075,138.009370
52202,NaN,3.384674,9.875732,6.842769,0.280693,-0.225139,2.664494,0.073381,0.368551,-0.019612,0.247093,0.288462,0.381573,0.842696,55.380408,-17.313716,138.179433
52203,NaN,3.443964,10.736829,6.594099,-0.119065,-0.798598,3.224587,0.053093,0.332195,-0.027157,0.246532,0.287085,0.382301,0.843001,55.372573,-17.189077,138.328769
52204,NaN,3.224533,10.862071,6.370409,-0.159190,-1.111598,3.137343,-0.039134,0.276548,-0.023771,0.246196,0.285832,0.382571,0.843402,55.320533,-17.083632,138.451727
52205,NaN,2.835570,10.706626,6.242662,0.038060,-1.334074,2.830960,-0.200238,0.200189,0.007464,0.246102,0.284764,0.382016,0.844042,55.183670,-17.018234,138.547655
52206,NaN,2.415263,10.218105,6.094722,0.304980,-1.411312,2.241514,-0.402010,0.130089,0.062391,0.246198,0.283845,0.380450,0.845030,54.936557,-17.000732,138.627607
52207,NaN,2.073392,9.623571,5.915623,0.512897,-1.412209,1.573659,-0.585595,0.047628,0.129115,0.246428,0.283178,0.377907,0.846327,54.589169,-17.041713,138.689983
52208,NaN,1.859227,9.022278,5.636821,0.565547,-1.394100,0.881612,-0.745804,-0.072825,0.200664,0.246807,0.282951,0.374435,0.847834,54.159888,-17.155414,138.719157
52209,NaN,2.005031,8.083547,5.181752,0.318638,-1.042139,-0.064547,-0.839881,-0.183740,0.265393,0.247251,0.283191,0.370326,0.849428,53.684979,-17.335963,138.718330
52210,NaN,2.502190,7.114010,4.850337,-0.079669,-0.382833,-0.854873,-0.831227,-0.255825,0.301995,0.247653,0.283814,0.366109,0.850930,53.221602,-17.558281,138.697416
52211,NaN,3.065848,6.381624,4.623720,-0.494141,0.237507,-1.374540,-0.769735,-0.258263,0.338269,0.247809,0.284589,0.362088,0.852345,52.789111,-17.798983,138.690462
52212,NaN,3.148685,5.842422,4.432750,-0.573283,0.468016,-1.866027,-0.644796,-0.236818,0.346754,0.247712,0.285433,0.358611,0.853560,52.423836,-18.035332,138.698408
52213,NaN,3.214747,5.616455,4.130939,-0.777811,0.455990,-2.188337,-0.528444,-0.148164,0.331079,0.247353,0.286015,0.355758,0.854662,52.113521,-18.233939,138.744085
52214,NaN,3.339907,5.380965,4.043620,-0.880693,0.599436,-2.374572,-0.416143,-0.006846,0.301717,0.246707,0.286074,0.353599,0.855725,51.849269,-18.368707,138.847361
52215,NaN,3.562826,5.092714,4.193016,-0.889045,0.957424,-2.430026,-0.307358,0.177007,0.263269,0.245741,0.285413,0.352183,0.856807,51.623650,-18.421038,139.024228
52216,NaN,3.678436,4.947689,4.484689,-0.766675,1.234496,-2.328631,-0.198896,0.400787,0.212556,0.244444,0.283834,0.351580,0.857949,51.433097,-18.369729,139.287888
52217,NaN,3.531885,4.956276,4.943725,-0.389583,1.342471,-2.097429,-0.054084,0.603542,0.159804,0.242806,0.281472,0.351913,0.859056,51.301903,-18.222411,139.627108
52218,NaN,3.285723,5.468547,5.388007,-0.068002,1.080322,-1.532606,0.091825,0.744416,0.095662,0.240991,0.278560,0.353135,0.860013,51.242860,-17.994559,140.007604
52219,NaN,3.227902,6.336515,5.577404,-0.129637,0.605206,-0.796316,0.200439,0.820302,0.026903,0.239182,0.275335,0.355004,0.860787,51.245156,-17.709365,140.396680
52220,NaN,3.300702,7.213819,5.524701,-0.445081,0.100855,-0.156205,0.274979,0.869027,-0.017138,0.237369,0.271899,0.357308,0.861428,51.290139,-17.386396,140.791963
52221,NaN,3.115829,7.978713,5.494356,-0.531035,-0.469063,0.338859,0.291025,0.916531,-0.056106,0.235609,0.268201,0.359773,0.862044,51.343216,-17.029852,141.195008
52222,NaN,2.918141,8.515370,5.692228,-0.415203,-0.785131,0.800484,0.241556,0.939243,-0.055104,0.233868,0.264342,0.362051,0.862756,51.368545,-16.665350,141.607954
52223,NaN,2.775992,8.918616,6.126172,-0.168540,-0.868000,1.322649,0.134581,0.904856,0.003490,0.232076,0.260609,0.363740,0.863665,51.333528,-16.339354,142.025492
52224,NaN,2.790560,9.153558,6.789314,0.133835,-0.646483,1.901987,0.004583,0.791937,0.103446,0.230220,0.257387,0.364602,0.864764,51.230565,-16.098013,142.427201
52225,NaN,3.074866,9.166708,6.882219,-0.069748,-0.434791,2.047087,-0.065250,0.610243,0.195315,0.228388,0.255038,0.364829,0.865849,51.103071,-15.962209,142.777475
52226,NaN,3.821247,9.385785,6.869547,-0.728955,-0.158400,2.407335,-0.127786,0.586959,0.316640,0.226147,0.252934,0.364601,0.867150,50.930849,-15.887921,143.162400
52227,NaN,4.821903,9.650008,6.864324,-1.596185,0.213087,2.871900,-0.237612,0.691303,0.445506,0.223294,0.250484,0.363843,0.868916,50.669484,-15.831632,143.643454
52228,NaN,5.704996,10.032941,6.774736,-2.467749,0.362486,3.335766,-0.367404,0.894519,0.584636,0.219623,0.247254,0.362568,0.871307,50.294972,-15.760214,144.270212
52229,NaN,6.297428,10.407144,6.697913,-3.130620,0.317793,3.712275,-0.549801,1.115677,0.696707,0.215276,0.243063,0.360586,0.874388,49.778455,-15.653020,145.039550
52230,NaN,6.110925,10.289953,6.823656,-2.990941,0.228945,3.633048,-0.724060,1.342913,0.812751,0.210214,0.237875,0.357925,0.878132,49.124333,-15.503059,145.955070
52231,NaN,5.148137,9.941930,7.158439,-2.081693,-0.030528,3.311753,-0.877514,1.452371,0.916056,0.204661,0.232223,0.354549,0.882316,48.361533,-15.346904,146.957337
52232,NaN,4.448388,9.424187,7.483029,-1.356732,-0.034221,2.944818,-0.996231,1.469911,1.010313,0.198785,0.226504,0.350527,0.886742,47.522123,-15.209062,148.001729
52233,NaN,3.827652,8.712878,7.425726,-0.856013,-0.057055,2.227559,-1.073071,1.371699,1.095951,0.192765,0.221282,0.345931,0.891183,46.643526,-15.131730,149.035098
52234,NaN,3.196799,8.052564,7.258723,-0.387719,-0.157053,1.482225,-1.052554,1.171801,1.180235,0.186676,0.217083,0.341109,0.895361,45.790804,-15.152106,150.016083
52235,NaN,2.594690,7.490694,7.005429,0.033193,-0.331401,0.761164,-0.961149,0.870579,1.293822,0.180479,0.214504,0.336264,0.899078,45.010629,-15.327467,150.916849
52236,NaN,1.999226,6.803228,6.958738,0.618841,-0.279058,0.099056,-0.856175,0.474654,1.406867,0.174311,0.213962,0.331383,0.902231,44.316088,-15.697538,151.704240
52237,NaN,2.314767,6.273264,6.839437,0.405153,0.056884,-0.256486,-0.756162,0.027243,1.499875,0.168338,0.215684,0.326438,0.904755,43.711337,-16.282820,152.352140
52238,NaN,3.123466,5.443487,6.580098,-0.220812,0.763442,-0.754434,-0.589643,-0.393073,1.571307,0.162543,0.219529,0.321795,0.906551,43.232577,-17.062659,152.866315
52239,NaN,3.647395,4.748374,6.327525,-0.601740,1.260938,-1.214188,-0.364102,-0.733814,1.639007,0.156720,0.225214,0.317791,0.907593,42.906410,-18.010851,153.278580
52240,NaN,3.683837,4.123607,6.104104,-0.551641,1.532550,-1.739271,-0.096214,-0.935438,1.689915,0.150681,0.232065,0.314766,0.907945,42.743916,-19.059190,153.637112
52241,NaN,3.463289,3.865323,5.957139,-0.288565,1.485936,-2.058354,0.213866,-1.019747,1.670072,0.144496,0.239500,0.313089,0.907599,42.768594,-20.136650,153.953586
52242,NaN,3.569159,3.714711,5.707049,-0.368592,1.467540,-2.274955,0.532401,-0.970447,1.638891,0.137975,0.246848,0.312889,0.906713,42.965597,-21.180050,154.278577
52243,NaN,3.799533,3.631207,5.332667,-0.631006,1.407677,-2.486130,0.873308,-0.857802,1.625402,0.130917,0.253898,0.314315,0.905319,43.341960,-22.173876,154.638404
52244,NaN,3.948678,3.840165,4.660060,-1.017582,0.956067,-2.734242,1.209325,-0.659904,1.611199,0.123159,0.260199,0.317359,0.903555,43.873992,-23.081341,155.073719
52245,NaN,3.820981,4.216911,4.311534,-1.004605,0.442460,-2.758234,1.455440,-0.537563,1.603826,0.114909,0.266084,0.321568,0.901437,44.526189,-23.942111,155.549379
52246,NaN,3.966201,4.741570,4.226994,-1.061035,0.066805,-2.399943,1.662811,-0.553578,1.610997,0.106357,0.272109,0.326643,0.898860,45.293387,-24.815239,156.014898
52247,NaN,4.174959,5.352936,4.383962,-1.004602,-0.211533,-1.797259,1.810965,-0.576970,1.605491,0.097665,0.278297,0.332349,0.895855,46.153079,-25.703199,156.453037
52248,NaN,4.409851,5.934875,4.336804,-1.051884,-0.554902,-1.323855,1.908897,-0.557834,1.578637,0.088896,0.284330,0.338469,0.892576,47.065259,-26.576716,156.880143
52249,NaN,4.577761,6.770748,4.598937,-0.832452,-0.935397,-0.518705,1.793303,-0.495905,1.534551,0.080385,0.289935,0.344127,0.889411,47.909686,-27.413993,157.302068
52250,NaN,4.692826,7.292601,4.449632,-0.806428,-1.333646,-0.191226,1.446786,-0.340117,1.418086,0.072601,0.294453,0.348417,0.886923,48.539597,-28.146272,157.743317
52251,NaN,4.760218,7.207978,4.799208,-0.517407,-1.026642,0.001782,1.105714,-0.127195,1.328840,0.065353,0.297749,0.351391,0.885211,48.944903,-28.764662,158.241379
52252,NaN,4.275291,6.773821,5.152181,0.154194,-0.651128,-0.312203,0.799457,0.039379,1.229827,0.058685,0.299987,0.353168,0.884215,49.146943,-29.278485,158.782725
52253,NaN,3.248174,6.336848,5.658990,1.314499,-0.355730,-0.819601,0.517139,0.150835,1.120526,0.052746,0.301455,0.353897,0.883798,49.182246,-29.703899,159.330060
52254,NaN,2.439321,5.716107,5.904657,2.093988,-0.002142,-1.499796,0.357100,0.199906,0.995371,0.047491,0.302420,0.354089,0.883690,49.132545,-30.056868,159.853782
52255,NaN,2.453017,5.427131,6.155765,2.228077,0.363632,-1.550253,0.326415,0.216421,0.862365,0.042855,0.303072,0.354355,0.883597,49.089161,-30.345613,160.327309
52256,NaN,2.872525,5.271948,6.292813,1.974958,0.684294,-1.370203,0.385158,0.218036,0.766925,0.038534,0.303544,0.355004,0.883373,49.094866,-30.592337,160.764299
52257,NaN,3.235916,5.216507,6.230916,1.665052,0.800115,-1.263141,0.486040,0.186872,0.662576,0.034599,0.303977,0.356263,0.882880,49.190401,-30.803630,161.137822
52258,NaN,3.517396,5.341188,6.101060,1.409844,0.724198,-1.117224,0.575175,0.192370,0.568724,0.030908,0.304234,0.358035,0.882212,49.352700,-30.975070,161.476486
52259,NaN,3.649541,5.607837,5.783539,1.193627,0.392590,-1.058413,0.622771,0.206927,0.485517,0.027490,0.304273,0.360136,0.881456,49.555536,-31.104842,161.786453
52260,NaN,3.868949,5.827922,5.307771,0.810929,0.024338,-1.069258,0.667565,0.240612,0.394301,0.024340,0.304007,0.362575,0.880640,49.796088,-31.184250,162.073665
52261,NaN,4.121942,6.360543,5.020119,0.559542,-0.447473,-0.749847,0.646368,0.268671,0.303351,0.021592,0.303438,0.365070,0.879877,50.039050,-31.212258,162.333485
52262,NaN,4.314382,6.769243,4.994004,0.474486,-0.684455,-0.395525,0.485899,0.347415,0.216326,0.019306,0.302350,0.366982,0.879509,50.186760,-31.176052,162.598576
52263,NaN,4.306407,6.855839,5.100745,0.550997,-0.662410,-0.282584,0.305987,0.443290,0.121443,0.017562,0.300630,0.368270,0.879597,50.229531,-31.059731,162.869463
52264,NaN,4.397206,6.777095,5.366129,0.584213,-0.401185,-0.140177,0.217132,0.549952,0.031900,0.016119,0.298283,0.369291,0.879996,50.211505,-30.868494,163.159149
52265,NaN,4.470998,6.765081,5.456408,0.532693,-0.306801,-0.058177,0.169467,0.647238,-0.056497,0.014976,0.295331,0.370249,0.880608,50.163203,-30.600749,163.457876
52266,NaN,4.340487,6.824507,5.465009,0.608263,-0.368636,-0.077497,0.128942,0.712433,-0.104715,0.013965,0.292003,0.371089,0.881381,50.085386,-30.289338,163.770296
52267,NaN,4.202734,7.204073,5.537442,0.778221,-0.626848,0.148540,0.009557,0.722578,-0.126365,0.013231,0.288572,0.371450,0.882370,49.946533,-29.961951,164.073678
52268,NaN,4.022714,7.380474,5.986989,1.139739,-0.514250,0.431040,-0.119663,0.654751,-0.052139,0.012456,0.285571,0.371105,0.883502,49.734384,-29.693546,164.375647
52269,NaN,3.745894,7.193813,6.371520,1.490498,-0.212099,0.390852,-0.174115,0.431461,0.055414,0.011712,0.283745,0.370357,0.884414,49.526694,-29.552454,164.608128
52270,NaN,4.276913,6.899596,6.513628,1.041104,0.194085,0.541159,-0.167176,0.194014,0.140916,0.011005,0.283132,0.369495,0.884979,49.363010,-29.537925,164.759232
52271,NaN,5.201731,6.706091,6.246058,0.091265,0.351741,0.718733,-0.112965,0.025848,0.206057,0.010256,0.283381,0.368777,0.885208,49.258856,-29.612917,164.852997
52272,NaN,5.945196,6.818894,5.933211,-0.662544,0.218553,0.983558,-0.053400,0.054728,0.185926,0.009446,0.283473,0.368347,0.885367,49.184905,-29.669527,164.954027
52273,NaN,5.786974,6.654120,5.872318,-0.594534,0.247795,0.762547,-0.076564,0.215894,0.127435,0.008658,0.282733,0.367923,0.885788,49.073095,-29.637549,165.107231
52274,NaN,4.913257,6.544110,5.921741,0.127682,0.147981,0.286532,-0.106348,0.299600,0.065031,0.008008,0.281515,0.367439,0.886383,48.934449,-29.549506,165.277983
52275,NaN,4.130345,6.821302,5.502752,0.609201,-0.511664,-0.156744,-0.091881,0.241503,0.027578,0.007633,0.280478,0.367084,0.886861,48.829041,-29.464668,165.400632
52276,NaN,4.277386,7.589735,5.691666,0.710094,-0.935046,0.527358,-0.192290,0.252743,0.050754,0.007252,0.279438,0.366236,0.887543,48.656381,-29.387504,165.541273
52277,NaN,5.010563,7.542533,6.043833,0.233442,-0.544318,1.058028,-0.342648,0.347432,0.062113,0.006875,0.277982,0.364717,0.888628,48.374211,-29.276859,165.731176
52278,NaN,5.325560,7.248103,6.135351,-0.081429,-0.245965,1.071779,-0.410848,0.485814,0.044867,0.006400,0.275884,0.362911,0.890024,48.023035,-29.107010,165.982105
52279,NaN,5.149785,7.057129,6.204121,0.018054,-0.147731,0.901410,-0.433485,0.540850,0.050032,0.005859,0.273535,0.361014,0.891523,47.649005,-28.913925,166.257475
52280,NaN,4.799560,6.919618,6.711459,0.494923,0.157080,0.943270,-0.391913,0.459685,0.076720,0.005262,0.271606,0.359240,0.892832,47.310907,-28.764911,166.506583
52281,NaN,5.309362,7.013066,7.020608,0.190640,0.343188,1.434843,-0.365490,0.393291,0.094791,0.004687,0.269993,0.357566,0.893995,47.001951,-28.645835,166.728876
52282,NaN,5.222238,6.400964,7.086583,0.153482,0.785620,1.041937,-0.201458,0.334862,0.102076,0.003943,0.268669,0.356602,0.894783,46.798050,-28.554093,166.927511
52283,NaN,5.172736,6.539952,7.135263,0.225053,0.684581,1.138149,0.000254,0.241075,0.110847,0.003066,0.267780,0.356528,0.895082,46.730098,-28.501651,167.084090
52284,NaN,4.914263,6.457493,7.213906,0.459352,0.741787,1.009900,0.084212,0.165511,0.112201,0.002196,0.267235,0.356823,0.895130,46.726641,-28.480122,167.206347
52285,NaN,3.789997,6.303511,7.247650,1.410266,0.664513,0.394973,0.120625,0.040046,0.104815,0.001553,0.267251,0.357305,0.894934,46.777061,-28.504909,167.262314
52286,NaN,2.810889,6.077502,7.023572,2.115815,0.513420,-0.356086,0.213376,-0.248171,0.106787,0.001273,0.268548,0.358181,0.894196,46.942731,-28.643435,167.185369
52287,NaN,3.172199,6.012443,6.154381,1.415119,0.099362,-0.753106,0.312351,-0.557907,0.124566,0.001349,0.271276,0.359481,0.892850,47.235555,-28.910799,166.964457
52288,NaN,3.791889,6.478676,5.648319,0.785086,-0.418812,-0.460519,0.320886,-0.658619,0.129246,0.001560,0.274443,0.360797,0.891349,47.555655,-29.217353,166.697605
52289,NaN,4.218384,6.707092,5.592812,0.496077,-0.509903,-0.140406,0.206675,-0.616392,0.113516,0.001940,0.277387,0.361634,0.890098,47.808005,-29.498375,166.439393
52290,NaN,5.001205,6.530562,5.868428,-0.018145,-0.021492,0.291658,0.113043,-0.466011,0.035927,0.002505,0.279520,0.362148,0.889219,47.987234,-29.689215,166.221009
52291,NaN,4.860382,6.679713,6.133773,0.293028,0.025680,0.472179,0.037939,-0.308016,-0.028242,0.003195,0.280829,0.362432,0.888689,48.102150,-29.790079,166.048283
52292,NaN,4.071681,7.016751,6.771135,1.369920,0.033499,0.665087,0.035591,-0.420381,-0.038953,0.004119,0.282621,0.362704,0.888006,48.243940,-29.930598,165.817735
52293,NaN,4.779780,7.409141,7.176307,1.101394,0.169082,1.500981,0.020825,-0.710836,-0.032816,0.005578,0.285718,0.362902,0.886925,48.451068,-30.183607,165.442664
52294,NaN,5.981013,7.662201,7.358459,0.302559,0.376179,2.369074,-0.059554,-0.790513,-0.035886,0.007295,0.289149,0.362731,0.885870,48.633318,-30.464558,165.027209
52295,NaN,6.471012,7.944546,7.416322,0.042324,0.324312,2.831854,-0.141641,-0.637609,-0.014763,0.008779,0.291950,0.362182,0.885162,48.730728,-30.696277,164.691737
52296,NaN,6.330921,8.010976,7.506926,0.265102,0.294538,2.854319,-0.250978,-0.431831,0.034120,0.009814,0.293906,0.361068,0.884959,48.699917,-30.870688,164.483885
52297,NaN,6.088658,7.630753,7.439048,0.386678,0.451498,2.446434,-0.362475,-0.300558,0.096748,0.010524,0.295386,0.359389,0.885142,48.560435,-31.021016,164.366113
52298,NaN,5.780776,7.226781,7.431106,0.583300,0.635355,2.024582,-0.416772,-0.259022,0.150313,0.010977,0.296774,0.357375,0.885487,48.364170,-31.180389,164.296581
52299,NaN,5.152250,6.616192,7.564170,1.084493,0.984712,1.385093,-0.404208,-0.363956,0.196175,0.011423,0.298703,0.355357,0.885645,48.194485,-31.397444,164.192036
52300,NaN,4.474112,6.138524,7.366758,1.491454,1.025954,0.612806,-0.268975,-0.609330,0.215695,0.011989,0.301763,0.353874,0.885194,48.159589,-31.718868,163.976882
52301,NaN,4.215091,6.093179,6.719031,1.412398,0.579566,0.072042,-0.123457,-0.902915,0.219960,0.012859,0.306129,0.353016,0.884024,48.289037,-32.152334,163.611872
52302,NaN,4.601126,6.582610,6.073132,0.924252,-0.097653,0.213256,-0.051724,-1.090305,0.195741,0.014034,0.311281,0.352480,0.882420,48.518775,-32.647433,163.140154
52303,NaN,5.309475,7.394737,5.715648,0.402614,-0.752125,0.902388,-0.143170,-1.107345,0.145827,0.015620,0.316417,0.351615,0.880910,48.721554,-33.126271,162.628970
52304,NaN,5.807200,7.787274,6.055686,0.356377,-0.723414,1.605969,-0.374563,-1.010922,0.054518,0.017785,0.320927,0.349863,0.879935,48.790037,-33.528087,162.125750
52305,NaN,5.882550,7.865877,6.115123,0.405910,-0.753490,1.725871,-0.592274,-0.827588,-0.020898,0.020327,0.324460,0.347286,0.879605,48.704283,-33.826106,161.679892
52306,NaN,4.843531,7.645333,6.120429,1.218987,-0.901678,1.007260,-0.796996,-0.662587,-0.081703,0.023165,0.327143,0.343909,0.879868,48.470370,-34.038603,161.292727
52307,NaN,4.321188,7.111850,5.773326,1.336382,-0.900154,0.186602,-0.942723,-0.616913,-0.140024,0.026454,0.329487,0.340004,0.880418,48.159099,-34.206918,160.898398
52308,NaN,4.120284,6.645113,5.312030,1.137003,-0.930532,-0.474975,-1.048806,-0.655259,-0.186220,0.030150,0.331907,0.335670,0.881053,47.807510,-34.375488,160.467581
52309,NaN,4.113017,6.416334,4.727326,0.749123,-1.155034,-0.950509,-1.137496,-0.718156,-0.179929,0.034106,0.334586,0.330934,0.881687,47.427098,-34.570942,160.002473
52310,NaN,3.975990,5.821949,4.210901,0.443320,-1.084939,-1.684878,-1.288036,-0.889478,-0.207874,0.038683,0.337931,0.325511,0.882241,47.014623,-34.826271,159.442261
52311,NaN,3.740478,5.076133,3.267748,-0.071250,-1.140033,-2.803300,-1.370914,-1.109501,-0.255113,0.043995,0.342134,0.319757,0.882476,46.638419,-35.149700,158.742336
52312,NaN,4.259318,4.852204,2.697093,-0.851262,-1.157047,-2.964589,-1.485706,-1.288806,-0.256903,0.049763,0.347066,0.313411,0.882521,46.249340,-35.548552,157.954929
52313,NaN,4.765473,4.435876,2.590318,-1.341481,-0.760643,-2.977616,-1.644226,-1.411841,-0.263339,0.056047,0.352456,0.306329,0.882494,45.816285,-35.997019,157.097090
52314,NaN,5.821194,4.119739,2.595104,-2.140739,-0.201618,-2.534667,-1.684355,-1.283342,-0.242970,0.062083,0.357255,0.299017,0.882668,45.317679,-36.409162,156.318536
52315,NaN,6.300191,3.591031,2.807967,-2.386532,0.458822,-2.425778,-1.664687,-0.962585,-0.268391,0.067743,0.360566,0.291929,0.883278,44.748534,-36.684463,155.685663
52316,NaN,6.050316,3.377336,3.156239,-1.979027,0.682689,-2.492042,-1.537380,-0.630963,-0.279840,0.072702,0.362413,0.285490,0.884232,44.153190,-36.827141,155.219592
52317,NaN,5.840428,3.097897,3.323906,-1.736542,0.885195,-2.674294,-1.384358,-0.422344,-0.274538,0.077077,0.363378,0.279786,0.885288,43.583877,-36.888376,154.858151
52318,NaN,5.849320,2.480428,2.895343,-2.083252,1.187507,-3.255254,-1.132303,-0.320053,-0.267348,0.080796,0.363981,0.275202,0.886146,43.124272,-36.913560,154.554128
52319,NaN,5.526501,2.414236,2.542934,-2.099898,0.969210,-3.689916,-0.813809,-0.280683,-0.273132,0.083929,0.364503,0.272060,0.886610,42.838908,-36.918345,154.264135
52320,NaN,5.168026,2.681361,2.330653,-1.974480,0.530366,-3.883921,-0.566826,-0.374895,-0.278268,0.086737,0.365550,0.269965,0.886549,42.722871,-36.964773,153.927832
52321,NaN,4.978702,2.924026,1.966379,-2.072802,0.116260,-4.077358,-0.458425,-0.572998,-0.275191,0.089642,0.367529,0.268285,0.885951,42.732855,-37.094156,153.489259
52322,NaN,5.146928,2.957455,1.574578,-2.447594,0.001545,-4.180112,-0.439398,-0.814622,-0.288270,0.092850,0.370554,0.266570,0.884878,42.824905,-37.321626,152.931647
52323,NaN,5.453168,3.098098,1.349787,-2.790434,-0.072339,-4.036421,-0.490327,-1.058064,-0.382584,0.096927,0.374541,0.264713,0.883318,43.003081,-37.615678,152.192571
52324,NaN,5.640620,3.066300,0.992233,-3.145959,-0.082831,-4.129453,-0.599665,-1.184880,-0.509253,0.101896,0.378805,0.262507,0.881597,43.195009,-37.909058,151.328911
52325,NaN,5.583304,2.934949,1.252148,-2.891738,0.146482,-4.070624,-0.671169,-1.089962,-0.598001,0.107288,0.382500,0.260208,0.880043,43.356443,-38.126364,150.455643
52326,NaN,5.664273,2.613640,1.967034,-2.404824,0.751065,-3.776386,-0.694694,-0.835782,-0.606324,0.112401,0.385015,0.257927,0.878979,43.426821,-38.232691,149.708556
52327,NaN,6.498056,2.413665,3.184018,-2.057379,1.719971,-2.671446,-0.628964,-0.492570,-0.520597,0.116590,0.386191,0.255976,0.878487,43.407564,-38.231395,149.171319
52328,NaN,7.351346,2.372041,4.076950,-1.969551,2.436316,-1.659430,-0.476531,-0.104582,-0.473851,0.119755,0.385770,0.254805,0.878587,43.333148,-38.085517,148.860552
52329,NaN,7.706071,2.855242,4.330989,-2.050772,2.283205,-1.044875,-0.281442,0.308200,-0.462802,0.121995,0.383687,0.254734,0.879211,43.244565,-37.772738,148.755693
52330,NaN,7.861919,3.482117,4.327744,-2.225027,1.844764,-0.630647,-0.060044,0.650843,-0.482062,0.123430,0.380179,0.255860,0.880207,43.179759,-37.308860,148.816442
52331,NaN,7.566187,3.830638,4.317644,-2.119424,1.462840,-0.651342,0.085168,0.969853,-0.553271,0.124501,0.375275,0.257952,0.881549,43.129468,-36.685091,148.992625
52332,NaN,6.326932,4.386790,4.188373,-1.470193,0.483078,-1.185947,0.158309,1.120474,-0.620513,0.125522,0.369634,0.260576,0.883015,43.099300,-35.970488,149.207823
52333,NaN,5.050508,5.260201,3.858239,-0.936257,-0.846915,-1.659853,0.146072,1.091015,-0.653120,0.126754,0.364050,0.263176,0.884386,43.083393,-35.254221,149.389022
52334,NaN,4.322321,5.837635,4.080720,-0.370530,-1.502375,-1.626261,-0.010564,1.009440,-0.621124,0.128221,0.358763,0.264964,0.885800,42.994065,-34.585650,149.546049
52335,NaN,3.738863,6.029002,4.486256,0.240175,-1.719115,-1.600450,-0.191222,0.820789,-0.548078,0.129954,0.354295,0.265703,0.887124,42.836534,-34.024637,149.644424
52336,NaN,3.861970,5.917409,5.512457,0.796898,-1.168950,-0.963068,-0.328359,0.608387,-0.458781,0.131794,0.350778,0.265521,0.888304,42.629846,-33.587292,149.689651
52337,NaN,4.988367,5.614728,6.860964,0.865308,0.071264,0.322774,-0.363195,0.464982,-0.370543,0.133487,0.347983,0.264918,0.889330,42.414611,-33.244776,149.712147
52338,NaN,6.248699,5.499006,8.137914,0.774181,1.186887,1.741641,-0.240720,0.450523,-0.320560,0.134767,0.345400,0.264773,0.890186,42.262329,-32.927379,149.750563
52339,NaN,6.792075,5.749588,8.672387,0.664262,1.431987,2.512411,-0.047413,0.502811,-0.334504,0.135709,0.342691,0.265540,0.890862,42.211564,-32.582170,149.804933
52340,NaN,6.635110,6.222646,8.700631,0.700822,1.026197,2.713374,0.111411,0.542584,-0.360455,0.136436,0.339877,0.267089,0.891366,42.250210,-32.210293,149.864289
52341,NaN,6.391122,6.439616,8.667270,0.778776,0.781619,2.686061,0.143248,0.495698,-0.379123,0.137253,0.337284,0.268769,0.891720,42.323908,-31.853319,149.892115
52342,NaN,5.753010,6.365800,8.569575,1.134786,0.584962,2.246660,0.176047,0.321354,-0.406200,0.138369,0.335432,0.270527,0.891715,42.464525,-31.557527,149.829065
52343,NaN,4.865020,6.371602,8.214356,1.522185,0.112084,1.563233,0.186150,0.059008,-0.426745,0.139907,0.334760,0.272170,0.891227,42.678280,-31.368291,149.636525
52344,NaN,4.457628,6.263322,7.969739,1.660493,-0.028385,1.135292,0.148759,-0.179729,-0.409214,0.141760,0.335115,0.273459,0.890406,42.920987,-31.281608,149.346347
52345,NaN,4.421869,6.051987,7.538201,1.425073,-0.009388,0.721682,0.097377,-0.392232,-0.378686,0.143856,0.336441,0.274313,0.889306,43.177804,-31.297058,148.972439
52346,NaN,4.585741,5.727136,7.194031,1.123721,0.213889,0.398805,0.038287,-0.551499,-0.354072,0.146156,0.338441,0.274748,0.888037,43.431810,-31.384873,148.538979
52347,NaN,4.934061,5.331598,6.927156,0.750564,0.601615,0.178859,-0.027984,-0.522967,-0.354689,0.148536,0.340290,0.274909,0.886885,43.644377,-31.461682,148.114692
52348,NaN,4.461956,4.856476,6.786343,1.056281,0.731916,-0.437326,-0.060514,-0.397236,-0.392931,0.150961,0.341473,0.275081,0.885967,43.815719,-31.467488,147.732677
52349,NaN,4.069972,4.384616,6.625447,1.279633,0.885960,-1.022712,-0.041874,-0.307331,-0.431725,0.153403,0.342228,0.275461,0.885138,43.985659,-31.421138,147.372789
52350,NaN,3.673029,4.207204,6.590987,1.562944,0.852617,-1.359107,0.046417,-0.206307,-0.468732,0.155715,0.342537,0.276377,0.884329,44.190154,-31.316115,147.043736
52351,NaN,3.426393,4.578344,6.525562,1.665754,0.447100,-1.309182,0.172909,-0.168437,-0.562008,0.158164,0.342657,0.278023,0.883331,44.478569,-31.158880,146.689067
52352,NaN,3.521886,5.187356,6.453778,1.493136,0.025251,-0.939510,0.262035,-0.117718,-0.660148,0.160826,0.342472,0.280284,0.882207,44.829316,-30.937899,146.312929
52353,NaN,3.534952,5.910130,6.512779,1.452605,-0.459652,-0.457467,0.295565,-0.081899,-0.751454,0.163779,0.342032,0.282860,0.881012,45.208674,-30.664830,145.913424
52354,NaN,3.811040,6.494299,7.120833,1.612565,-0.483384,0.413346,0.271031,-0.101822,-0.809873,0.167058,0.341561,0.285419,0.879752,45.590512,-30.372197,145.480328
52355,NaN,4.069677,7.192918,7.357908,1.515413,-0.737059,1.123442,0.279140,-0.195285,-0.827503,0.170527,0.341486,0.287946,0.878291,45.998468,-30.108749,144.998549
52356,NaN,4.421482,7.735016,7.485701,1.299386,-0.855279,1.719671,0.296902,-0.326777,-0.796695,0.174021,0.342032,0.290396,0.876585,46.438952,-29.905443,144.471149
52357,NaN,4.933122,8.115754,7.406175,0.857892,-0.844779,2.170736,0.288869,-0.488196,-0.727865,0.177450,0.343397,0.292533,0.874651,46.895485,-29.794134,143.899241
52358,NaN,5.635217,8.349118,7.239313,0.253965,-0.656320,2.571792,0.257102,-0.606631,-0.643231,0.180740,0.345342,0.294287,0.872621,47.341843,-29.757223,143.310376
52359,NaN,6.295874,8.272639,7.088184,-0.262738,-0.249507,2.764483,0.180620,-0.639708,-0.559043,0.183826,0.347481,0.295502,0.870715,47.730217,-29.766822,142.745468
52360,NaN,6.587662,7.862907,6.968420,-0.461771,0.223036,2.577559,0.111356,-0.552989,-0.491819,0.186622,0.349270,0.296397,0.869098,48.046340,-29.766796,142.250563
52361,NaN,6.292270,7.550449,6.757146,-0.343823,0.265548,2.106711,0.078485,-0.405684,-0.436785,0.189001,0.350463,0.297162,0.867842,48.291763,-29.733376,141.855006
52362,NaN,5.918458,7.304710,6.522279,-0.211202,0.198171,1.625979,0.050519,-0.277923,-0.392147,0.191059,0.351141,0.297871,0.866873,48.483515,-29.667642,141.539760
52363,NaN,5.790176,7.151461,6.251870,-0.294295,0.173295,1.306606,0.040858,-0.158460,-0.362659,0.192803,0.351346,0.298568,0.866164,48.629894,-29.571998,141.299682
52364,NaN,5.569185,6.845443,6.073708,-0.239441,0.245779,0.894694,0.028130,-0.026419,-0.352993,0.194354,0.350969,0.299350,0.865700,48.737740,-29.426561,141.126829
52365,NaN,5.012492,6.769737,5.910848,0.014132,-0.033793,0.477652,0.023662,0.121510,-0.358610,0.195690,0.349946,0.300232,0.865508,48.803606,-29.226071,141.028362
52366,NaN,4.569360,6.528217,5.762987,0.213728,-0.121705,0.018286,0.030813,0.225993,-0.379006,0.196968,0.348437,0.301315,0.865450,48.856271,-28.973828,140.969971
52367,NaN,3.996980,6.440775,5.682572,0.526752,-0.369823,-0.360881,0.044557,0.262630,-0.398930,0.198235,0.346761,0.302501,0.865420,48.908980,-28.702073,140.923443
52368,NaN,3.301023,6.566584,5.474204,0.806869,-0.892513,-0.727759,0.082645,0.182199,-0.432509,0.199720,0.345408,0.303855,0.865146,49.011686,-28.443068,140.821533
52369,NaN,3.303410,6.846005,5.612419,0.846250,-1.007701,-0.455989,0.087773,0.076724,-0.431943,0.201336,0.344527,0.305099,0.864685,49.138724,-28.226587,140.670390
52370,NaN,3.667014,7.115538,5.808358,0.687788,-0.890562,0.013230,0.084577,-0.030341,-0.424247,0.203103,0.344104,0.306230,0.864040,49.288705,-28.050322,140.469141
52371,NaN,4.179756,7.225541,6.122262,0.540479,-0.527171,0.511594,0.081207,-0.074101,-0.385940,0.204751,0.343925,0.307200,0.863378,49.433610,-27.909459,140.267104
52372,NaN,4.697562,7.550744,6.280328,0.250351,-0.375134,1.064805,0.099849,-0.045948,-0.353648,0.206209,0.343691,0.308257,0.862747,49.580394,-27.768856,140.089450
52373,NaN,5.170118,7.798574,6.157922,-0.200671,-0.299769,1.382742,0.097297,-0.002922,-0.322618,0.207446,0.343321,0.309262,0.862238,49.705260,-27.628620,139.949676
52374,NaN,5.219658,7.798833,6.023443,-0.340689,-0.290222,1.329489,0.084252,0.053097,-0.292661,0.208513,0.342735,0.310247,0.861859,49.807409,-27.477345,139.847499
52375,NaN,5.028888,7.711537,6.002764,-0.226442,-0.314837,1.170946,0.069418,0.099361,-0.260116,0.209360,0.341984,0.311118,0.861639,49.877793,-27.326601,139.787131
52376,NaN,5.005721,7.655743,5.975418,-0.237579,-0.271325,1.107163,0.054477,0.135906,-0.226456,0.210063,0.341112,0.311947,0.861513,49.930797,-27.173553,139.753980
52377,NaN,4.946089,7.478636,5.870236,-0.264295,-0.196598,0.899216,0.040373,0.185085,-0.201219,0.210580,0.340060,0.312692,0.861533,49.955939,-27.016831,139.758783
52378,NaN,4.775292,7.282094,5.821187,-0.174693,-0.151507,0.659417,0.037204,0.233087,-0.178795,0.210955,0.338823,0.313466,0.861647,49.968179,-26.848841,139.793420
52379,NaN,4.420367,7.080987,5.844221,0.093126,-0.182940,0.375184,0.054240,0.234832,-0.169526,0.211219,0.337625,0.314257,0.861764,49.983178,-26.689326,139.837132
52380,NaN,4.172801,7.269391,5.854263,0.222899,-0.436225,0.399496,0.035845,0.162535,-0.157009,0.211613,0.336725,0.314913,0.861781,50.006299,-26.556902,139.846122
52381,NaN,3.858283,6.850147,5.893892,0.520636,-0.285791,-0.004728,0.076838,0.028078,-0.163412,0.212152,0.336442,0.315583,0.861513,50.079656,-26.474295,139.789714
52382,NaN,4.044582,7.251477,5.573127,0.103537,-0.575356,0.170325,0.062526,-0.113051,-0.156958,0.212934,0.336757,0.316061,0.861022,50.178241,-26.443136,139.663694
52383,NaN,4.001994,7.250512,5.793853,0.296597,-0.499251,0.277773,0.012538,-0.176117,-0.142733,0.213820,0.337321,0.316211,0.860527,50.256938,-26.443985,139.514435
52384,NaN,4.314418,7.185032,6.403223,0.537200,-0.024772,0.720638,-0.105841,-0.231903,-0.097619,0.214818,0.338059,0.315736,0.860162,50.274279,-26.482232,139.354273
52385,NaN,4.762342,6.735001,6.538987,0.406815,0.603439,0.688210,-0.138248,-0.202311,-0.086928,0.215753,0.338664,0.315109,0.859921,50.261717,-26.517900,139.215559
52386,NaN,4.695171,6.335938,6.475096,0.471689,0.815529,0.347432,-0.143227,-0.125871,-0.071390,0.216534,0.338947,0.314543,0.859820,50.229712,-26.528900,139.118269
52387,NaN,4.323430,6.640448,6.112342,0.413056,0.235019,0.183435,-0.087320,-0.080376,-0.073234,0.217136,0.339100,0.314244,0.859717,50.217186,-26.525318,139.044899
52388,NaN,4.638472,6.768161,6.353055,0.352998,0.423439,0.549784,-0.067336,-0.104101,-0.072370,0.217757,0.339370,0.314029,0.859532,50.224061,-26.527944,138.957923
52389,NaN,5.069261,7.083282,6.474643,0.100242,0.500374,1.028478,-0.062649,-0.083029,-0.070900,0.218295,0.339566,0.313814,0.859397,50.223713,-26.528057,138.886332
52390,NaN,5.249361,7.341711,6.583185,0.015872,0.468698,1.348626,-0.031653,-0.069586,-0.082305,0.218844,0.339710,0.313806,0.859203,50.245255,-26.513639,138.812279
52391,NaN,4.976660,7.534787,6.586700,0.173386,0.175958,1.361558,-0.014620,-0.096599,-0.063398,0.219296,0.340026,0.313774,0.858975,50.274489,-26.521143,138.736465
52392,NaN,4.832431,7.609102,6.399221,0.131577,-0.033208,1.240929,-0.011665,-0.179118,-0.025183,0.219737,0.340752,0.313635,0.858625,50.321189,-26.571921,138.631811
52393,NaN,5.108845,7.519270,6.048315,-0.277097,0.055239,1.102530,-0.009997,-0.261449,-0.024823,0.220273,0.341838,0.313376,0.858150,50.382465,-26.656513,138.490522
52394,NaN,4.955443,7.282852,5.751104,-0.330977,0.014063,0.702149,-0.023489,-0.305458,-0.015611,0.220891,0.343107,0.313030,0.857611,50.449080,-26.757452,138.327065
52395,NaN,4.676110,7.132881,5.469453,-0.303198,-0.158275,0.313609,-0.016925,-0.321956,-0.009198,0.221482,0.344472,0.312664,0.857045,50.520479,-26.869322,138.159100
52396,NaN,4.863564,7.006168,5.190874,-0.589282,-0.067247,0.153958,-0.005996,-0.275312,0.008908,0.221917,0.345668,0.312382,0.856553,50.586615,-26.969783,138.020034
52397,NaN,4.653475,6.950408,5.205499,-0.414656,-0.151882,0.029324,-0.021750,-0.155515,0.028362,0.222077,0.346380,0.312102,0.856327,50.610200,-27.039719,137.951206
52398,NaN,4.831087,6.903904,4.999239,-0.669694,-0.097067,-0.038346,-0.053260,-0.010395,0.066579,0.221933,0.346479,0.311812,0.856430,50.579049,-27.069269,137.967138
52399,NaN,4.821023,6.936703,5.048674,-0.636830,-0.117549,0.007182,-0.103440,0.116403,0.108143,0.221477,0.346043,0.311345,0.856894,50.478443,-27.073438,138.066481
52400,NaN,4.646968,6.796467,5.279006,-0.343896,-0.047022,-0.038555,-0.148410,0.207500,0.120498,0.220926,0.345186,0.310795,0.857581,50.333519,-27.047177,138.212662
52401,NaN,4.635990,6.840237,5.241989,-0.390693,-0.112193,-0.035448,-0.118600,0.290354,0.124985,0.220147,0.344014,0.310420,0.858387,50.181422,-26.995393,138.405686
52402,NaN,4.152867,6.949137,5.262777,-0.092702,-0.475695,-0.169104,-0.068088,0.326260,0.104897,0.219340,0.342711,0.310371,0.859133,50.059243,-26.917996,138.603736
52403,NaN,3.521764,7.071315,5.175757,0.230262,-0.972425,-0.421407,-0.034745,0.215040,0.068909,0.218769,0.341877,0.310370,0.859611,49.984021,-26.869772,138.735563
52404,NaN,3.600619,7.088529,5.204341,0.187764,-0.928093,-0.357517,-0.001290,0.085251,0.038438,0.218506,0.341579,0.310457,0.859765,49.966543,-26.851577,138.787241
52405,NaN,4.134614,7.018640,5.478634,0.038863,-0.458666,-0.006573,0.011581,-0.025225,0.006293,0.218520,0.341714,0.310514,0.859687,49.983998,-26.860974,138.773411
52406,NaN,4.517560,6.932928,5.528907,-0.163305,-0.150650,0.136850,0.027578,-0.062040,-0.018062,0.218680,0.341992,0.310660,0.859483,50.026342,-26.872242,138.729305
52407,NaN,4.436316,6.835987,5.493859,-0.111512,-0.138106,0.013939,0.060553,-0.080929,-0.042557,0.218896,0.342353,0.310946,0.859181,50.093250,-26.882121,138.668468
52408,NaN,4.355187,6.822230,5.462681,-0.068133,-0.179562,-0.049775,0.088439,-0.109995,-0.059958,0.219206,0.342838,0.311373,0.858754,50.188992,-26.892479,138.583427
52409,NaN,4.272171,6.719661,5.444260,0.003839,-0.153993,-0.167922,0.100722,-0.159892,-0.049300,0.219507,0.343575,0.311759,0.858242,50.298662,-26.928270,138.480149
52410,NaN,4.350950,6.720359,5.517697,0.021726,-0.070562,-0.089855,0.121560,-0.197126,-0.045038,0.219831,0.344493,0.312206,0.857628,50.430286,-26.976761,138.358000
52411,NaN,4.389047,6.742762,5.511176,0.007843,-0.057447,-0.060855,0.117908,-0.209593,-0.043021,0.220165,0.345474,0.312613,0.857000,50.562185,-27.032032,138.230466
52412,NaN,4.683241,6.837571,5.415661,-0.254123,0.021714,0.084253,0.111764,-0.149444,-0.016582,0.220309,0.346220,0.313021,0.856512,50.672479,-27.075309,138.143294
52413,NaN,4.851748,6.942758,5.257647,-0.485775,-0.007274,0.144629,0.077150,-0.039086,0.009475,0.220208,0.346499,0.313333,0.856311,50.730027,-27.092298,138.124332
52414,NaN,4.809014,6.978185,5.394139,-0.359192,-0.001591,0.226705,0.039091,0.059097,0.035970,0.219926,0.346355,0.313568,0.856356,50.741726,-27.083105,138.162346
52415,NaN,4.782695,6.994272,5.560119,-0.226305,0.036076,0.319263,0.013275,0.143586,0.058577,0.219450,0.345858,0.313734,0.856618,50.713841,-27.054537,138.252732
52416,NaN,4.685295,7.046412,5.816371,0.006988,0.040382,0.455340,-0.009741,0.219600,0.059060,0.218902,0.345008,0.313896,0.857042,50.657043,-26.997285,138.379995
52417,NaN,4.946773,7.366873,6.217920,0.057069,0.124800,1.021750,-0.009026,0.302583,0.046309,0.218262,0.343791,0.314159,0.857598,50.583021,-26.906179,138.544516
52418,NaN,4.852381,8.280212,6.542030,0.185087,-0.443868,1.792238,0.018599,0.405224,-0.005212,0.217648,0.342074,0.314754,0.858222,50.513318,-26.752640,138.737211
52419,NaN,4.892102,8.906255,6.614260,0.076863,-0.820939,2.283696,0.028580,0.490269,-0.042181,0.217029,0.339935,0.315527,0.858944,50.434822,-26.552314,138.958739
52420,NaN,4.638375,9.229628,6.812118,0.295250,-1.100477,2.508312,0.043280,0.653360,-0.032613,0.216096,0.337132,0.316540,0.859911,50.331554,-26.295531,139.261373
52421,NaN,4.477569,9.490011,7.140535,0.544308,-1.226687,2.808518,0.020556,0.761512,0.011056,0.214820,0.333902,0.317471,0.861147,50.182335,-26.019711,139.636636
52422,NaN,4.486361,9.688645,7.186693,0.478947,-1.322993,2.980505,0.019136,0.830086,0.039925,0.213329,0.330418,0.318440,0.862502,50.018471,-25.728527,140.052400
52423,NaN,3.915402,9.667333,6.870635,0.596942,-1.754914,2.538711,-0.042065,0.720404,0.111522,0.211792,0.327450,0.318892,0.863845,49.830605,-25.509113,140.443786
52424,NaN,3.689269,9.924056,6.572678,0.460130,-2.194413,2.445793,-0.156581,0.572474,0.207481,0.210273,0.325150,0.318545,0.865212,49.594476,-25.384078,140.799930
52425,NaN,4.361209,10.060013,6.503639,-0.119993,-1.967128,2.782431,-0.305586,0.510822,0.345588,0.208482,0.323177,0.317250,0.866859,49.260696,-25.341732,141.183792
52426,NaN,5.145611,9.977215,6.345463,-0.817732,-1.590427,2.957907,-0.468103,0.643483,0.501678,0.206076,0.320701,0.315142,0.869120,48.780766,-25.313397,141.694167
52427,NaN,5.332155,9.504007,6.360289,-0.933344,-1.228082,2.710517,-0.601374,0.878431,0.655527,0.202822,0.317292,0.312423,0.872113,48.146718,-25.258121,142.382881
52428,NaN,5.070288,9.183866,6.493062,-0.687751,-1.189031,2.447925,-0.678062,1.027413,0.772239,0.198955,0.313331,0.309339,0.875528,47.422050,-25.186844,143.187247
52429,NaN,4.346028,8.977818,6.447968,-0.243880,-1.559022,1.959054,-0.701460,1.036073,0.846988,0.194762,0.309397,0.306014,0.879032,46.667286,-25.134149,144.028750
52430,NaN,3.601011,8.864567,6.463559,0.265301,-1.970867,1.561387,-0.645466,0.862188,0.903376,0.190502,0.306362,0.302676,0.882178,45.971180,-25.164010,144.812049
52431,NaN,2.878784,8.834522,6.646340,0.891034,-2.349339,1.331630,-0.544466,0.537959,0.952652,0.186341,0.304915,0.299380,0.884690,45.383481,-25.336698,145.472691
52432,NaN,2.203864,8.589452,6.529908,1.363458,-2.651969,0.788380,-0.354233,0.077648,1.013279,0.182316,0.305762,0.296401,0.886238,44.979393,-25.713985,145.954772
52433,NaN,1.837704,8.247012,6.069968,1.447488,-2.847235,0.088410,-0.037159,-0.473044,1.061940,0.178380,0.309408,0.294230,0.886497,44.849028,-26.334357,146.217217
52434,NaN,2.716259,8.279714,5.477855,0.518974,-2.740128,0.094830,0.384698,-1.017316,1.094597,0.174460,0.315869,0.293391,0.885275,45.062843,-27.186804,146.246566
52435,NaN,4.047681,8.372230,5.001602,-0.617870,-2.391768,0.453187,0.788399,-1.384634,1.136310,0.170244,0.324345,0.293938,0.882846,45.581040,-28.203957,146.119699
52436,NaN,4.975186,7.999016,4.719597,-1.224512,-1.787835,0.498021,1.168882,-1.586993,1.168575,0.165546,0.334049,0.295898,0.879460,46.363947,-29.314055,145.898239
52437,NaN,5.573091,7.285953,4.150618,-1.740649,-1.184943,0.032783,1.451487,-1.501398,1.195186,0.160103,0.343612,0.299094,0.875695,47.297944,-30.399525,145.708411
52438,NaN,5.844088,6.123164,4.014641,-1.718149,-0.207625,-0.605899,1.730649,-1.151502,1.251181,0.153395,0.351891,0.303645,0.872033,48.303840,-31.370315,145.693463
52439,NaN,5.502902,4.338604,3.879554,-1.294597,0.960028,-1.966884,2.015355,-0.807968,1.268918,0.145551,0.358882,0.309628,0.868417,49.389845,-32.220989,145.839588
52440,NaN,4.656390,3.019638,3.280295,-0.955291,1.338986,-3.579400,2.447843,-0.601532,1.202896,0.136885,0.365108,0.317698,0.864307,50.688361,-32.966944,146.044949
52441,NaN,4.229658,2.875818,2.598568,-1.041164,0.984285,-4.257594,2.811793,-0.392507,1.104357,0.127612,0.370447,0.327600,0.859746,52.166642,-33.598444,146.300533
52442,NaN,4.249133,3.394183,2.203189,-1.219961,0.469301,-4.092574,3.056256,-0.394325,1.010026,0.118270,0.375700,0.338639,0.854509,53.815090,-34.192607,146.496494
52443,NaN,4.275824,4.178846,1.860363,-1.316846,-0.209754,-3.694985,3.041247,-0.456374,0.999763,0.109067,0.381109,0.349518,0.848939,55.488990,-34.808541,146.632536
52444,NaN,4.749622,5.489237,2.140218,-1.185198,-0.749144,-2.376100,2.622371,-0.324897,0.969090,0.100544,0.385575,0.358658,0.844149,56.893277,-35.369243,146.814920
52445,NaN,5.606834,6.344680,2.854379,-1.019180,-0.553498,-0.953096,1.830144,-0.152321,0.879853,0.093602,0.388694,0.364670,0.840935,57.811338,-35.835799,147.052346
52446,NaN,7.010626,6.211416,3.821514,-1.188501,0.713664,0.207900,1.077013,-0.007483,0.662093,0.088767,0.390427,0.367969,0.839217,58.295421,-36.155585,147.289893
52447,NaN,7.550596,5.688237,4.865458,-0.834011,1.898131,0.615243,0.464733,0.355853,0.443743,0.085372,0.389919,0.369274,0.839232,58.343804,-36.257446,147.667690
52448,NaN,6.441626,4.926609,5.779303,0.440953,2.455196,-0.171961,0.054925,0.806196,0.194120,0.082991,0.386913,0.369536,0.840746,58.055467,-36.104169,148.220621
52449,NaN,5.198344,4.214453,6.170459,1.392397,2.639938,-1.213259,-0.135437,1.100673,-0.065616,0.081527,0.382056,0.369606,0.843076,57.611206,-35.728117,148.853210
52450,NaN,3.948839,4.033232,6.325175,2.243628,2.331664,-1.977090,-0.151561,1.325626,-0.253351,0.080463,0.375928,0.370051,0.845734,57.134636,-35.192024,149.536383
52451,NaN,2.963278,4.221131,6.531172,2.999454,1.916567,-2.290448,-0.220591,1.375298,-0.358511,0.079898,0.369301,0.370409,0.848546,56.633716,-34.579367,150.200009
52452,NaN,2.533088,4.308327,6.631028,3.280988,1.746179,-2.387483,-0.350525,1.244415,-0.475321,0.080287,0.362990,0.370356,0.851252,56.141072,-33.953628,150.730001
52453,NaN,2.581990,3.759373,6.150579,2.748024,1.892495,-2.921015,-0.322327,1.141626,-0.596687,0.081328,0.356887,0.370588,0.853629,55.733885,-33.299759,151.144472
52454,NaN,1.161746,4.980635,6.309654,3.961135,0.549453,-2.743391,-0.421333,0.735736,-0.729942,0.083863,0.352215,0.370453,0.855380,55.430055,-32.712318,151.271198
52455,NaN,1.783980,5.302181,5.705335,3.065769,0.222578,-2.437212,-0.568562,0.374901,-0.723314,0.087297,0.349026,0.369518,0.856748,55.152237,-32.244901,151.194609
52456,NaN,2.675503,4.990957,5.360890,2.085158,0.600010,-2.322762,-0.589726,0.116473,-0.669291,0.091010,0.347028,0.368274,0.857708,54.927561,-31.888269,150.993813
52457,NaN,3.122502,4.769459,5.006249,1.457038,0.731019,-2.403041,-0.547958,-0.167031,-0.623889,0.094978,0.346339,0.366997,0.858104,54.799360,-31.646460,150.653702
52458,NaN,3.662982,5.185149,4.492749,0.730670,0.365506,-2.078315,-0.549907,-0.456514,-0.601647,0.099381,0.346928,0.365525,0.857995,54.747620,-31.511648,150.163466
52459,NaN,4.567640,5.990541,4.106755,-0.146937,-0.043155,-1.234118,-0.679829,-0.551272,-0.592139,0.104142,0.347864,0.363426,0.857944,54.645560,-31.412701,149.625381
52460,NaN,5.668473,7.227333,4.196157,-0.840713,-0.411675,0.242020,-0.946401,-0.386732,-0.593890,0.109070,0.347944,0.360258,0.858634,54.343222,-31.260322,149.176780
52461,NaN,5.887512,7.695457,4.980288,-0.507465,-0.257748,1.066716,-1.212814,-0.157631,-0.559576,0.113898,0.346941,0.355999,0.860188,53.816032,-31.049148,148.865451
52462,NaN,5.505639,7.124082,6.145641,0.451258,0.552046,1.065005,-1.206551,0.010764,-0.506408,0.118181,0.345299,0.351754,0.862016,53.234845,-30.808189,148.664065
52463,NaN,5.065937,6.419191,6.519658,0.925642,1.009442,0.555501,-0.988342,0.001838,-0.497180,0.122060,0.343826,0.348417,0.863418,52.779556,-30.575626,148.459591
52464,NaN,4.568115,6.368801,6.332675,1.101265,0.690627,0.179409,-0.755569,-0.007394,-0.558657,0.125816,0.342421,0.346174,0.864339,52.472555,-30.319932,148.224173
52465,NaN,3.987241,6.598904,6.256268,1.426985,0.202931,0.011101,-0.593333,-0.093498,-0.605572,0.129645,0.341399,0.344652,0.864786,52.290124,-30.073421,147.923937
52466,NaN,3.630409,6.979203,6.063318,1.517989,-0.342992,-0.002952,-0.502397,-0.254803,-0.639469,0.133739,0.341072,0.343469,0.864761,52.207872,-29.869244,147.525610
52467,NaN,3.775343,7.629507,6.087590,1.388268,-0.743481,0.533379,-0.607671,-0.325485,-0.661240,0.138227,0.340932,0.341815,0.864766,52.086415,-29.680071,147.082073
52468,NaN,4.003028,7.344912,6.117604,1.199355,-0.427636,0.472035,-0.695139,-0.325957,-0.621847,0.142690,0.340797,0.339706,0.864926,51.905948,-29.510476,146.654413
52469,NaN,4.231311,6.880950,5.964461,0.888214,-0.073102,0.188900,-0.730661,-0.218702,-0.609671,0.146978,0.340180,0.337493,0.865317,51.674007,-29.308967,146.287335
52470,NaN,3.826303,6.904876,5.920922,1.098846,-0.325617,-0.011594,-0.737220,-0.147853,-0.614680,0.151172,0.339240,0.335302,0.865815,51.420664,-29.082047,145.954314
52471,NaN,3.607924,6.860384,5.858239,1.158689,-0.449419,-0.176500,-0.762530,-0.154000,-0.620410,0.155444,0.338284,0.333000,0.866321,51.154272,-28.855293,145.615507
52472,NaN,3.534927,6.726356,6.069956,1.307542,-0.309978,-0.180560,-0.797176,-0.214269,-0.641372,0.159959,0.337524,0.330527,0.866742,50.886264,-28.643106,145.236839
52473,NaN,3.818596,6.660023,6.261130,1.185300,-0.053892,0.022515,-0.807771,-0.261560,-0.672098,0.164701,0.336894,0.328013,0.867054,50.628286,-28.435058,144.821436
52474,NaN,4.000064,6.593559,6.157529,0.934991,0.018507,0.011561,-0.817618,-0.266457,-0.709208,0.169621,0.336213,0.325505,0.867316,50.372173,-28.214922,144.387822
52475,NaN,3.867394,6.502474,6.124306,0.959786,-0.014976,-0.126391,-0.817672,-0.269372,-0.765638,0.174788,0.335434,0.323079,0.867498,50.125891,-27.971714,143.929376
52476,NaN,3.743011,6.543288,5.980667,0.889523,-0.187005,-0.233198,-0.824702,-0.297217,-0.816366,0.180223,0.334684,0.320671,0.867569,49.890582,-27.719150,143.435675
52477,NaN,3.716816,6.269758,5.956141,0.861403,-0.023048,-0.439461,-0.829641,-0.290794,-0.856950,0.185828,0.333815,0.318304,0.867593,49.656366,-27.447235,142.928464
52478,NaN,3.649673,6.025289,5.902090,0.840924,0.089054,-0.661540,-0.813054,-0.243694,-0.920790,0.191598,0.332652,0.316147,0.867574,49.431384,-27.132794,142.417542
52479,NaN,3.638827,5.850971,5.723983,0.685010,0.135168,-0.882342,-0.786342,-0.174672,-0.990234,0.197510,0.331083,0.314275,0.867528,49.216323,-26.763093,141.911649
52480,NaN,3.430482,5.606073,5.659185,0.754987,0.177723,-1.174362,-0.774249,-0.102160,-1.054986,0.203558,0.329105,0.312620,0.867481,49.001922,-26.340896,141.413668
52481,NaN,2.923594,5.383681,5.509488,0.972850,0.003597,-1.631057,-0.745946,-0.107618,-1.114539,0.209821,0.327062,0.311167,0.867284,48.811841,-25.895536,140.888578
52482,NaN,2.714483,5.426294,5.426322,0.990547,-0.168453,-1.735054,-0.732839,-0.171860,-1.139003,0.216255,0.325267,0.309729,0.866893,48.643815,-25.466475,140.322650
52483,NaN,2.841344,5.555107,5.419956,0.817060,-0.178574,-1.590240,-0.711505,-0.306356,-1.137771,0.222851,0.324055,0.308221,0.866213,48.510560,-25.089140,139.694298
52484,NaN,3.525396,5.663289,5.479126,0.316250,0.181294,-1.187781,-0.704942,-0.406099,-1.084214,0.229343,0.323360,0.306529,0.865379,48.388338,-24.775072,139.041765
52485,NaN,4.097683,5.661854,5.613456,-0.019805,0.590065,-0.867867,-0.664016,-0.509123,-1.045739,0.235754,0.323191,0.304819,0.864322,48.299054,-24.516658,138.358027
52486,NaN,4.312129,5.622174,5.590338,-0.197475,0.759045,-0.821583,-0.575872,-0.621269,-1.043870,0.242171,0.323610,0.303342,0.862910,48.279442,-24.303532,137.623080
52487,NaN,4.014821,5.817528,5.549517,-0.080389,0.448062,-0.837594,-0.478710,-0.782623,-1.031780,0.248616,0.324835,0.302054,0.861066,48.341156,-24.155747,136.818943
52488,NaN,4.218758,5.968220,5.554791,-0.241490,0.495810,-0.649223,-0.412794,-1.020748,-0.997437,0.255149,0.327213,0.300683,0.858732,48.479692,-24.113037,135.917850
52489,NaN,4.912369,6.125923,5.525828,-0.727739,0.844041,-0.275870,-0.341971,-1.192016,-0.972824,0.261707,0.330424,0.299338,0.855994,48.686597,-24.142335,134.946876
52490,NaN,5.390597,6.433378,5.432018,-1.137633,0.945279,0.074964,-0.314977,-1.258173,-0.986414,0.268356,0.333922,0.298027,0.853031,48.925637,-24.188294,133.938272
52491,NaN,5.424010,6.497572,5.264406,-1.251017,0.908204,0.034247,-0.312400,-1.249255,-0.984172,0.274964,0.337357,0.296713,0.850027,49.164094,-24.227177,132.934608
52492,NaN,5.444437,6.655390,5.034348,-1.432311,0.785352,0.016462,-0.313437,-1.193161,-0.999054,0.281532,0.340518,0.295479,0.847042,49.394869,-24.235743,131.950876
52493,NaN,5.779303,6.774283,5.058652,-1.615617,0.988745,0.251760,-0.325815,-1.041603,-0.998709,0.287882,0.342992,0.294386,0.844285,49.587582,-24.184035,131.040104
52494,NaN,5.909477,6.805221,5.085347,-1.658618,1.118286,0.340730,-0.326633,-0.799370,-0.980896,0.293785,0.344459,0.293595,0.841927,49.728643,-24.048541,130.253015
52495,NaN,5.714754,6.987266,5.189819,-1.511514,0.947961,0.445528,-0.313621,-0.559253,-0.935230,0.299112,0.344982,0.293119,0.840001,49.819523,-23.842205,129.600932
52496,NaN,5.501116,7.085258,5.351057,-1.302475,0.830979,0.517356,-0.308127,-0.378600,-0.837847,0.303745,0.344894,0.292763,0.838497,49.860937,-23.611588,129.075686
52497,NaN,5.692369,7.302995,5.326455,-1.518064,0.865396,0.725543,-0.311954,-0.184908,-0.707054,0.307549,0.344167,0.292450,0.837518,49.839152,-23.366245,128.696796
52498,NaN,5.722928,7.231015,5.540313,-1.377926,1.035130,0.806360,-0.245457,-0.041746,-0.616628,0.310643,0.343076,0.292480,0.836812,49.813183,-23.108087,128.422912
52499,NaN,5.542703,7.356334,5.468484,-1.395989,0.848095,0.773779,-0.138170,0.035704,-0.549668,0.313160,0.341919,0.292957,0.836181,49.821795,-22.850427,128.213351
52500,NaN,4.925410,7.472634,5.519463,-1.064671,0.384321,0.641164,-0.044879,0.030599,-0.493882,0.315286,0.341011,0.293723,0.835484,49.875826,-22.619197,128.024114
52501,NaN,4.667771,7.677697,5.782481,-0.798688,0.179057,0.841051,0.008203,-0.077015,-0.423888,0.317165,0.340712,0.294406,0.834654,49.964223,-22.457777,127.817101
52502,NaN,4.719569,7.850454,5.775699,-0.889818,0.137602,0.978600,0.000505,-0.217001,-0.348423,0.318968,0.341120,0.294718,0.833689,50.065602,-22.381061,127.569370
52503,NaN,4.936206,8.051066,5.754738,-1.085105,0.185110,1.191451,-0.048155,-0.340181,-0.275817,0.320722,0.342065,0.294502,0.832705,50.149174,-22.381498,127.293733
52504,NaN,5.353671,8.076237,5.668643,-1.380089,0.463059,1.318433,-0.135308,-0.404462,-0.249028,0.322615,0.343180,0.293777,0.831770,50.191520,-22.416690,126.996503
52505,NaN,5.153577,7.973176,5.772594,-1.146316,0.408801,1.231432,-0.234686,-0.420047,-0.242619,0.324667,0.344203,0.292598,0.830965,50.178280,-22.460565,126.695361
52506,NaN,4.836360,7.583509,5.818459,-0.802908,0.420717,0.861242,-0.331776,-0.409599,-0.227836,0.326813,0.345048,0.291007,0.830331,50.106240,-22.507099,126.403945
52507,NaN,4.654311,7.092245,5.843479,-0.520091,0.583085,0.458549,-0.376382,-0.392892,-0.217423,0.328961,0.345760,0.289235,0.829806,50.003639,-22.552722,126.125395
52508,NaN,4.546765,6.891238,5.723095,-0.491659,0.584252,0.203946,-0.357955,-0.301085,-0.205350,0.330897,0.346139,0.287670,0.829422,49.893743,-22.570019,125.894501
52509,NaN,4.868194,6.936741,5.422722,-0.924140,0.715058,0.180222,-0.311678,-0.142872,-0.183259,0.332425,0.345966,0.286516,0.829282,49.777547,-22.539300,125.748374
52510,NaN,5.063170,7.058790,5.342193,-1.156921,0.765180,0.290639,-0.300081,0.089541,-0.143683,0.333442,0.344907,0.285730,0.829587,49.620338,-22.439711,125.727159
52511,NaN,4.752904,6.970152,5.308621,-1.021063,0.582558,0.085416,-0.281753,0.356882,-0.118550,0.333933,0.342802,0.285418,0.830369,49.421390,-22.252160,125.842560
52512,NaN,4.157784,6.805686,5.354349,-0.651318,0.259901,-0.232416,-0.206515,0.518744,-0.124145,0.334091,0.340142,0.285700,0.831302,49.239099,-22.000928,126.029934
52513,NaN,3.624943,6.695079,5.532163,-0.231743,-0.007527,-0.404438,-0.105216,0.571789,-0.138344,0.334050,0.337407,0.286510,0.832153,49.108433,-21.723757,126.236173
52514,NaN,3.433593,6.661707,5.564433,-0.127030,-0.095504,-0.479660,0.014853,0.512261,-0.144640,0.333923,0.335109,0.287731,0.832711,49.059432,-21.465339,126.410397
52515,NaN,3.488551,6.908795,5.430044,-0.373003,-0.208754,-0.367901,0.113455,0.423693,-0.172104,0.333863,0.333303,0.289256,0.832932,49.086263,-21.228774,126.532855
52516,NaN,3.491962,7.298795,5.310107,-0.621201,-0.441441,-0.164756,0.154005,0.297745,-0.209507,0.334079,0.332033,0.290804,0.832813,49.163753,-21.022803,126.581014
52517,NaN,3.552332,7.398861,5.383238,-0.644738,-0.404334,-0.026871,0.140979,0.190537,-0.237500,0.334581,0.331146,0.292161,0.832490,49.255190,-20.845423,126.569242
52518,NaN,3.496200,7.393137,5.675570,-0.397869,-0.333956,0.128343,0.113208,0.093364,-0.257736,0.335361,0.330586,0.293276,0.832006,49.349890,-20.694999,126.503745
52519,NaN,3.457261,7.321464,5.928978,-0.162821,-0.223095,0.218909,0.105365,0.029419,-0.271187,0.336294,0.330259,0.294270,0.831409,49.451737,-20.563064,126.404613
52520,NaN,3.474601,7.311781,6.158282,0.003157,-0.113423,0.358177,0.123792,0.003679,-0.286199,0.337305,0.330047,0.295323,0.830710,49.570533,-20.433380,126.286792
52521,NaN,3.478211,7.546244,6.158344,-0.081745,-0.220665,0.527211,0.117599,-0.035488,-0.304180,0.338452,0.329960,0.296312,0.829925,49.693896,-20.310631,126.144657
52522,NaN,3.518914,7.654665,6.171015,-0.131125,-0.221668,0.627221,0.095348,-0.062173,-0.299558,0.339661,0.329952,0.297157,0.829132,49.808112,-20.199022,125.991634
52523,NaN,3.393966,8.334529,6.764038,0.132861,-0.537754,1.431366,-0.015159,-0.103251,-0.249273,0.340896,0.330000,0.297388,0.828523,49.858095,-20.124938,125.840399
52524,NaN,3.380110,7.432092,6.926119,0.594586,0.038693,0.877365,-0.076862,-0.219438,-0.219586,0.342290,0.330468,0.297117,0.827859,49.887577,-20.106132,125.645842
52525,NaN,4.131996,8.240900,7.001110,-0.058967,0.155614,1.762013,-0.129474,-0.209554,-0.130366,0.343379,0.330936,0.296496,0.827443,49.872894,-20.123234,125.491852
52526,NaN,4.400986,7.552882,7.149046,0.158946,0.797691,1.450614,-0.190252,-0.162233,-0.080059,0.344296,0.331178,0.295623,0.827277,49.809393,-20.144489,125.378853
52527,NaN,4.238744,7.237148,6.989530,0.237835,0.807521,1.072537,-0.186153,-0.079379,-0.047374,0.344940,0.331133,0.294853,0.827302,49.730114,-20.150068,125.318373
52528,NaN,4.016306,7.185564,6.729009,0.172027,0.592745,0.801532,-0.147222,-0.013943,-0.034385,0.345378,0.330903,0.294337,0.827395,49.661291,-20.136590,125.292472
52529,NaN,3.741889,7.236027,6.355415,0.011968,0.253814,0.516327,-0.087309,0.015177,-0.044171,0.345705,0.330641,0.294133,0.827436,49.622975,-20.108661,125.277342
52530,NaN,3.669751,7.306785,6.348171,0.012428,0.156831,0.537708,-0.038831,0.029044,-0.035523,0.345905,0.330418,0.294142,0.827439,49.609531,-20.078763,125.270957
52531,NaN,3.784479,7.502314,6.375069,-0.107114,0.140542,0.733272,-0.011152,0.017387,-0.039372,0.346084,0.330286,0.294248,0.827378,49.613889,-20.052079,125.258497
52532,NaN,4.008463,7.775071,6.439325,-0.284002,0.174062,1.044267,0.019431,0.000382,-0.041552,0.346255,0.330274,0.294458,0.827237,49.639198,-20.030186,125.236420
52533,NaN,3.843160,8.126865,6.161954,-0.533672,-0.223936,1.070811,0.041676,0.005725,-0.048660,0.346402,0.330268,0.294778,0.827064,49.676891,-20.003791,125.214971
52534,NaN,3.653288,8.077883,6.048939,-0.494201,-0.362421,0.902385,0.054556,0.025172,-0.023321,0.346403,0.330241,0.295146,0.826943,49.715896,-19.980651,125.211646
52535,NaN,3.661797,7.698050,6.022268,-0.371085,-0.132974,0.617128,0.086554,0.045911,0.004988,0.346195,0.330226,0.295633,0.826862,49.765731,-19.962799,125.230027
52536,NaN,3.650645,7.411982,5.935072,-0.316204,0.011026,0.355383,0.132053,0.077774,0.042183,0.345719,0.330212,0.296304,0.826827,49.831966,-19.948866,125.277009
52537,NaN,3.750141,7.212937,5.919107,-0.299083,0.210535,0.236793,0.203644,0.141088,0.044269,0.345014,0.330064,0.297374,0.826796,49.928540,-19.913142,125.355225
52538,NaN,3.847849,7.131591,5.798563,-0.404269,0.318071,0.138404,0.257532,0.230879,0.039534,0.344113,0.329629,0.298831,0.826820,50.042783,-19.841786,125.472637
52539,NaN,3.913061,7.091403,5.617065,-0.556276,0.367001,0.021298,0.307435,0.349688,0.002948,0.343094,0.328733,0.300756,0.826902,50.171479,-19.711547,125.632213
52540,NaN,3.908866,7.122175,5.532941,-0.629170,0.355755,-0.009855,0.335343,0.476967,-0.043606,0.342036,0.327286,0.303091,0.827062,50.303006,-19.513875,125.832477
52541,NaN,3.410462,7.143662,5.535045,-0.366463,0.001630,-0.160462,0.310139,0.526154,-0.076105,0.341069,0.325541,0.305454,0.827280,50.416993,-19.284931,126.043995
52542,NaN,2.531593,7.355907,5.421473,-0.047583,-0.788530,-0.363530,0.221106,0.428674,-0.058347,0.340326,0.324071,0.307254,0.827497,50.493661,-19.099082,126.216250
52543,NaN,2.173090,7.372041,5.534414,0.225353,-1.014524,-0.398922,0.099000,0.286648,-0.001091,0.339752,0.323069,0.308211,0.827769,50.514925,-18.991173,126.345225
52544,NaN,2.489937,7.301435,5.801079,0.267352,-0.645369,-0.185888,0.002818,0.125276,0.058606,0.339343,0.322661,0.308400,0.828025,50.498620,-18.967738,126.420643
52545,NaN,2.973724,7.319956,6.066420,0.184403,-0.213547,0.144553,-0.038448,0.021052,0.105203,0.338961,0.322688,0.308165,0.828258,50.468401,-19.003445,126.466181
52546,NaN,3.449778,7.539367,6.165379,-0.089015,0.041037,0.519074,-0.045530,0.004293,0.116805,0.338576,0.322788,0.307856,0.828492,50.435448,-19.049791,126.507516
52547,NaN,3.729018,7.514737,6.242856,-0.179685,0.281303,0.639043,-0.029833,0.035090,0.103946,0.338164,0.322769,0.307682,0.828732,50.408111,-19.079794,126.559240
52548,NaN,3.473509,7.406416,6.188733,-0.038244,0.130087,0.444129,0.001259,0.088502,0.085622,0.337702,0.322552,0.307759,0.828976,50.392991,-19.081584,126.627920
52549,NaN,3.070181,7.289978,6.238322,0.265625,-0.092951,0.257429,0.027302,0.135472,0.068892,0.337188,0.322159,0.308048,0.829231,50.387451,-19.059410,126.713006
52550,NaN,2.750768,7.092682,6.213437,0.496722,-0.223283,-0.005391,0.049463,0.138083,0.066156,0.336653,0.321787,0.308439,0.829447,50.394891,-19.034486,126.797303
52551,NaN,2.689059,7.025970,6.146715,0.507011,-0.246132,-0.114246,0.074123,0.099767,0.068760,0.336118,0.321620,0.308862,0.829572,50.421673,-19.025314,126.865732
52552,NaN,2.799305,6.919963,6.112641,0.461689,-0.106723,-0.176204,0.092661,0.064715,0.072283,0.335601,0.321635,0.309299,0.829612,50.464292,-19.029940,126.918125
52553,NaN,2.920390,6.925553,6.025291,0.333863,-0.040323,-0.185486,0.121333,0.042120,0.074162,0.335056,0.321794,0.309812,0.829580,50.526184,-19.044238,126.961783
52554,NaN,3.036310,7.155425,5.834464,0.054697,-0.139038,-0.094770,0.141979,0.044754,0.077796,0.334468,0.321982,0.310411,0.829520,50.599398,-19.058671,127.006951
52555,NaN,3.129496,7.074013,5.863029,0.062336,-0.007062,-0.106680,0.146082,0.062335,0.075900,0.333846,0.322101,0.311057,0.829482,50.672210,-19.066386,127.060423
52556,NaN,3.442107,7.532638,5.770258,-0.339270,-0.058941,0.275227,0.133941,0.130471,0.045879,0.333269,0.321870,0.311817,0.829519,50.731706,-19.035667,127.133509
52557,NaN,3.947688,7.805782,5.668431,-0.800093,0.145037,0.578866,0.094891,0.204500,-0.045525,0.333010,0.321124,0.312683,0.829586,50.768657,-18.938133,127.207307
52558,NaN,3.908633,7.762263,6.033317,-0.505706,0.274356,0.751401,0.051847,0.346884,-0.138728,0.332991,0.319569,0.313758,0.829788,50.771436,-18.747144,127.311146
52559,NaN,3.481207,7.981354,6.315045,-0.157107,-0.053496,0.942443,0.055803,0.515693,-0.228754,0.333065,0.317178,0.315270,0.830103,50.762436,-18.455580,127.460385
52560,NaN,3.466640,8.823132,6.907979,-0.051304,-0.310380,1.912748,0.148736,0.794495,-0.311922,0.332901,0.313648,0.317763,0.830559,50.777089,-18.025526,127.706946
52561,NaN,3.525496,9.912157,7.190010,-0.325095,-0.718111,2.905552,0.212159,1.134445,-0.368482,0.332315,0.308714,0.321162,0.831335,50.788336,-17.447775,128.090718
52562,NaN,3.683716,10.965328,7.428887,-0.700072,-1.007760,3.879965,0.287493,1.430505,-0.440346,0.331427,0.302545,0.325464,0.832283,50.815078,-16.730518,128.582749
52563,NaN,3.634677,12.211051,6.928568,-1.566961,-1.787599,4.493691,0.295026,1.473390,-0.499910,0.330679,0.296094,0.329937,0.833139,50.853128,-15.972011,129.071602
52564,NaN,2.776294,13.250022,5.971794,-2.194166,-3.227892,4.459586,0.099474,1.401922,-0.445352,0.330099,0.289690,0.333379,0.834250,50.789249,-15.263036,129.545129
52565,NaN,2.549568,13.604594,5.471660,-2.637632,-3.694584,4.361797,-0.221205,1.230601,-0.295739,0.329622,0.283708,0.334969,0.835856,50.553553,-14.681824,129.993740
52566,NaN,3.497992,13.449573,5.149082,-3.529061,-3.006520,4.263687,-0.753871,1.201468,-0.074084,0.329016,0.277327,0.333954,0.838638,50.000234,-14.205562,130.506856
52567,NaN,3.548236,11.463076,5.276874,-2.898327,-1.857642,2.835779,-1.126847,0.969504,0.238203,0.327977,0.271813,0.330546,0.842192,49.234704,-13.946398,131.029569
52568,NaN,5.015532,9.901634,5.124595,-3.499209,-0.059305,1.900907,-1.297956,0.809862,0.543572,0.326139,0.267178,0.325718,0.846261,48.361743,-13.871539,131.594880
52569,NaN,5.709824,7.896109,5.590871,-3.014165,1.636602,0.885043,-1.414578,0.724166,0.860517,0.323220,0.263215,0.319814,0.850862,47.401678,-13.956108,132.247962
52570,NaN,6.378254,6.024957,5.817724,-2.705044,3.149505,-0.138564,-1.208615,0.598581,1.144973,0.319007,0.260551,0.314179,0.855359,46.542089,-14.198296,132.962111
52571,NaN,6.971060,5.040856,6.106036,-2.635757,4.115462,-0.463763,-1.012084,0.624609,1.400584,0.313365,0.258475,0.309072,0.859923,45.762531,-14.526832,133.797582
52572,NaN,7.008529,4.266770,6.388695,-2.275945,4.572055,-0.754315,-0.678229,0.560273,1.611993,0.306469,0.257499,0.304996,0.864146,45.151370,-14.956737,134.698141
52573,NaN,7.142339,4.300073,6.002553,-2.691268,4.353561,-0.905646,-0.408101,0.508350,1.837469,0.298290,0.257491,0.301693,0.868161,44.667432,-15.491949,135.678906
52574,NaN,6.713099,4.095901,5.835740,-2.473126,3.981426,-1.214582,-0.244480,0.439030,2.100114,0.288848,0.258388,0.298625,0.872139,44.242264,-16.152021,136.748716
52575,NaN,6.382908,3.859146,6.197327,-1.958911,3.897053,-1.151597,-0.090358,0.266401,2.364050,0.278263,0.260634,0.295600,0.875934,43.878185,-16.982993,137.869575
52576,NaN,6.148524,3.802398,6.346100,-1.682070,3.675576,-1.083803,-0.005215,0.096541,2.634671,0.266603,0.264089,0.292313,0.879621,43.527854,-17.982996,139.047677
52577,NaN,6.316829,3.583750,6.539667,-1.595936,3.824951,-0.962149,0.075513,-0.014424,2.890340,0.253808,0.268480,0.288837,0.883218,43.177756,-19.125217,140.306426
52578,NaN,6.866077,3.188703,6.619992,-1.806937,4.268853,-0.888424,0.092743,-0.044995,3.136901,0.239903,0.273306,0.285005,0.886861,42.773863,-20.366396,141.678637
52579,NaN,7.175462,2.432283,6.678196,-1.780438,4.808471,-1.111808,0.162684,-0.021088,3.324345,0.224963,0.278323,0.281175,0.890432,42.340115,-21.663044,143.167074
52580,NaN,7.053006,1.883056,6.515101,-1.655696,4.880835,-1.495902,0.278934,0.053890,3.444738,0.209167,0.283210,0.277706,0.893824,41.899645,-22.961086,144.765492
52581,NaN,6.848115,1.534327,6.277924,-1.585926,4.749919,-1.838853,0.312428,0.225171,3.521373,0.192668,0.287405,0.274362,0.897220,41.391883,-24.205414,146.498089
52582,NaN,6.394449,1.418269,5.800072,-1.540525,4.242678,-2.318410,0.341775,0.410871,3.505686,0.175894,0.290665,0.271275,0.900547,40.827052,-25.346046,148.328802
52583,NaN,6.414445,1.431814,5.738762,-1.629361,4.040348,-2.253188,0.396179,0.622389,3.409678,0.159121,0.292822,0.268662,0.903746,40.231228,-26.344919,150.229976
52584,NaN,6.027928,0.533394,5.729392,-1.275973,4.428930,-2.870062,0.467118,0.907871,3.285663,0.142385,0.293471,0.266711,0.906899,39.612536,-27.151550,152.213828
52585,NaN,4.774794,1.309761,6.223596,-0.137195,3.349197,-2.600895,0.523762,1.123445,3.123846,0.125962,0.292902,0.265314,0.909918,38.988983,-27.787555,154.227975
52586,NaN,3.908974,1.693121,5.853984,0.258162,2.455492,-3.006878,0.455378,0.958544,2.939227,0.110674,0.292699,0.263719,0.912431,38.374535,-28.408907,156.100472
52587,NaN,3.788807,1.694479,5.840070,0.320431,2.326229,-3.043781,0.400547,0.918021,2.747053,0.096363,0.292350,0.262053,0.914644,37.756622,-28.965820,157.876256
52588,NaN,3.617420,1.655394,5.477248,0.226475,2.077355,-3.373810,0.414634,0.856622,2.578736,0.082870,0.291989,0.260635,0.916485,37.181281,-29.472751,159.554992
52589,NaN,2.806593,2.022490,5.198498,0.722951,1.339321,-3.756688,0.315784,0.571706,2.354475,0.070903,0.292574,0.258909,0.917790,36.641604,-30.021744,161.016809
52590,NaN,2.115143,1.801016,4.776768,1.058283,1.108864,-4.503703,0.287092,0.271774,2.158612,0.060259,0.294210,0.257218,0.918503,36.180007,-30.628315,162.269871
52591,NaN,1.260963,1.651539,4.799490,1.794560,0.998451,-5.002779,0.305208,-0.107758,2.038636,0.050618,0.297427,0.255619,0.918495,35.816934,-31.365307,163.322876
52592,NaN,0.974745,1.481592,4.836796,2.084236,1.080353,-5.227018,0.418456,-0.556322,1.963812,0.041723,0.302585,0.254534,0.917559,35.615693,-32.278783,164.171749
52593,NaN,1.560944,1.747060,4.646715,1.583348,0.894394,-4.936906,0.604326,-0.939573,1.905599,0.033296,0.309451,0.254256,0.915688,35.599766,-33.352536,164.847593
52594,NaN,2.482817,2.611934,4.382499,0.862051,0.220332,-4.209100,0.808756,-1.143452,1.821016,0.025196,0.317118,0.255004,0.913113,35.760948,-34.491082,165.400958
52595,NaN,3.442232,3.592949,4.014241,0.112966,-0.604244,-3.449274,0.970271,-1.142773,1.728263,0.017259,0.324659,0.256577,0.910202,36.031718,-35.602191,165.904356
52596,NaN,4.581273,4.514307,4.078441,-0.482375,-1.152680,-2.300195,1.088881,-0.958942,1.591405,0.009514,0.331141,0.258921,0.907312,36.366879,-36.581837,166.405706
52597,NaN,5.756361,5.316528,4.485698,-0.878871,-1.436253,-0.942206,1.177173,-0.718524,1.443459,0.001987,0.336328,0.261869,0.904602,36.734247,-37.405017,166.922293
52598,NaN,6.125797,5.820856,4.801290,-0.738663,-1.645640,-0.262572,1.282618,-0.439753,1.312369,-0.005496,0.340033,0.265518,0.902135,37.132597,-38.055925,167.483044
52599,NaN,5.570955,6.282813,4.943546,-0.006844,-2.042672,-0.285145,1.339238,-0.183238,1.157686,-0.012715,0.342363,0.269631,0.899958,37.542543,-38.541520,168.066075
52600,NaN,4.722893,6.535093,4.999931,0.840975,-2.324264,-0.652889,1.345202,-0.044459,1.040017,-0.019603,0.343866,0.273968,0.897950,37.959403,-38.924075,168.642233
52601,NaN,4.313053,6.606419,5.128415,1.345464,-2.328293,-0.795168,1.314839,0.039172,0.943694,-0.026116,0.344858,0.278284,0.896074,38.365437,-39.240127,169.199525
52602,NaN,4.172948,6.385950,5.204168,1.531794,-2.064185,-0.943126,1.252232,0.007081,0.860761,-0.032107,0.345848,0.282472,0.894186,38.775814,-39.541948,169.693862
52603,NaN,3.779285,6.334643,5.133311,1.857392,-2.053051,-1.263080,1.163575,-0.129938,0.794131,-0.037449,0.347367,0.286365,0.892148,39.197007,-39.885414,170.084672
52604,NaN,3.260606,6.437942,4.937031,2.245466,-2.249541,-1.667177,1.142544,-0.353506,0.715382,-0.042083,0.349742,0.290349,0.889723,39.705233,-40.299671,170.322265
52605,NaN,3.062157,6.740810,4.532494,2.331358,-2.676732,-1.890728,1.166565,-0.583993,0.616053,-0.045980,0.352990,0.294628,0.886836,40.336051,-40.781964,170.386919
52606,NaN,3.429608,7.142042,4.182749,2.068141,-3.075968,-1.656339,1.198890,-0.807832,0.503059,-0.049102,0.357022,0.299305,0.883482,41.107509,-41.318069,170.268254
52607,NaN,3.794462,7.446717,4.049592,1.918349,-3.267664,-1.333806,1.177535,-0.854683,0.366191,-0.051505,0.361054,0.304108,0.880060,41.940900,-41.822437,170.035976
52608,NaN,4.031526,7.541427,3.908251,1.793053,-3.300373,-1.193433,1.243983,-0.832292,0.243770,-0.053524,0.364751,0.309419,0.876557,42.862557,-42.265860,169.733914
52609,NaN,4.263200,7.837301,3.914650,1.819295,-3.400687,-0.865817,1.256033,-0.709830,0.124638,-0.055225,0.367714,0.314935,0.873243,43.800367,-42.608946,169.417798
52610,NaN,4.577836,8.099300,4.041892,1.836312,-3.384368,-0.428406,1.165471,-0.545005,-0.009846,-0.056433,0.369742,0.320257,0.870369,44.684993,-42.825631,169.107870
52611,NaN,4.947956,7.838589,4.448271,1.788207,-2.779889,-0.076859,1.025148,-0.367381,-0.137882,-0.057104,0.370827,0.325131,0.868053,45.473290,-42.916228,168.820100
52612,NaN,5.057296,7.582820,4.844391,1.900010,-2.225447,0.085800,0.922677,-0.251421,-0.209368,-0.057465,0.371303,0.329663,0.866115,46.187689,-42.927316,168.557055
52613,NaN,4.904106,7.520486,5.022667,2.117558,-2.002013,0.053543,0.758952,-0.135771,-0.227085,-0.057633,0.371295,0.333468,0.864649,46.769124,-42.884100,168.349686
52614,NaN,4.331157,7.392964,4.847763,2.393588,-2.027847,-0.481346,0.544475,-0.185778,-0.155080,-0.057632,0.371674,0.336233,0.863414,47.221527,-42.888364,168.153032
52615,NaN,4.190798,7.663737,5.178964,2.808404,-2.009420,-0.263220,0.209615,-0.280898,0.010350,-0.057559,0.372841,0.337262,0.862514,47.459086,-42.999077,167.988811
52616,NaN,5.065892,7.743594,5.896330,2.677874,-1.482382,0.724133,-0.107378,-0.413334,0.231492,-0.057629,0.375036,0.336557,0.861833,47.488936,-43.253495,167.864817
52617,NaN,5.411158,7.960146,6.415552,2.874301,-1.290941,1.317243,-0.268898,-0.547755,0.283115,-0.057387,0.377945,0.335087,0.861151,47.461345,-43.582218,167.688996
52618,NaN,5.764778,7.705504,6.651219,2.741036,-0.919037,1.522559,-0.290370,-0.695063,0.234286,-0.056651,0.381403,0.333662,0.860228,47.501206,-43.946898,167.400399
52619,NaN,6.792133,7.322197,6.292686,1.738065,-0.697647,1.842241,-0.226612,-0.851892,0.208074,-0.055657,0.385470,0.332594,0.858893,47.654580,-44.360976,167.002044
52620,NaN,8.122739,7.302838,5.493939,0.384401,-0.960542,2.370203,-0.169583,-0.733103,0.185921,-0.054878,0.388964,0.331780,0.857681,47.804896,-44.718903,166.658635
52621,NaN,8.307252,7.262597,5.089266,0.047230,-1.140334,2.284982,-0.089678,-0.479156,0.065478,-0.054155,0.391145,0.331465,0.856857,47.942514,-44.927538,166.398720
52622,NaN,7.852788,7.617338,4.625965,0.230550,-1.768335,1.930796,-0.169582,-0.432853,0.064176,-0.053351,0.393143,0.330801,0.856249,48.017309,-45.117415,166.164973
52623,NaN,7.551872,7.801251,5.140206,0.871017,-1.657157,2.053523,-0.280394,-0.510894,0.187137,-0.052722,0.395707,0.329435,0.855634,48.015614,-45.389510,165.949538
52624,NaN,7.298041,7.440872,5.353902,1.121297,-1.313750,1.776459,-0.319396,-0.748514,0.417928,-0.052615,0.399670,0.327508,0.854537,48.006975,-45.850941,165.714828
52625,NaN,8.722721,6.929918,5.394221,0.108349,-0.671620,2.546244,-0.159528,-0.846039,0.589159,-0.053395,0.404280,0.325936,0.852920,48.067921,-46.422623,165.511942
52626,NaN,11.495616,6.928410,5.408197,-1.604096,-0.215195,4.567140,-0.172974,-0.741148,0.707664,-0.054825,0.408628,0.324033,0.851481,48.028873,-47.004585,165.438517
52627,NaN,13.740746,7.226475,5.734535,-2.651590,0.052600,6.523758,-0.379969,-0.145328,0.792662,-0.057156,0.410625,0.320902,0.851553,47.560721,-47.393499,165.788186
52628,NaN,14.055160,6.516063,6.786518,-2.395261,1.141770,6.891194,-0.556753,0.672301,0.664715,-0.059892,0.408975,0.317043,0.853602,46.665655,-47.407033,166.579754
52629,NaN,10.889848,5.864983,7.575020,-0.087524,1.447445,4.618588,-0.710171,1.007164,0.633754,-0.062711,0.405878,0.312476,0.856557,45.546727,-47.265518,167.556451
52630,NaN,8.766760,5.019271,7.077474,0.619563,1.374571,2.429256,-0.431943,0.828819,0.544687,-0.065432,0.403302,0.309329,0.858709,44.710701,-47.148480,168.367479
52631,NaN,7.774437,6.192530,5.742068,0.798779,-0.568662,1.624044,-0.195879,0.500889,0.462061,-0.067764,0.401923,0.307459,0.859846,44.190691,-47.126083,168.932065
52632,NaN,6.996678,6.093941,4.665501,0.573807,-1.269549,0.478833,-0.060996,0.302972,0.345308,-0.069563,0.401164,0.306472,0.860409,43.885394,-47.135762,169.309952
52633,NaN,7.045540,6.095132,3.961568,0.092799,-1.702560,0.166135,0.055021,0.101512,0.336468,-0.071244,0.401217,0.306068,0.860390,43.735979,-47.224287,169.564915
52634,NaN,7.646385,6.047940,4.232202,-0.123117,-1.450173,0.715276,0.074509,-0.137360,0.393316,-0.072846,0.402376,0.305720,0.859839,43.673867,-47.433861,169.716441
52635,NaN,9.250530,6.103644,4.479261,-0.959929,-1.169915,2.044802,0.119686,-0.287975,0.438887,-0.074500,0.404235,0.305526,0.858893,43.681115,-47.723993,169.807851
52636,NaN,10.652797,6.619059,4.971256,-1.313797,-1.151832,3.564688,0.118210,-0.121834,0.570454,-0.076973,0.405577,0.304998,0.858230,43.553605,-47.996982,170.080062
52637,NaN,10.813304,7.294658,6.121228,-0.368395,-1.058843,4.552252,-0.015167,0.254855,0.698552,-0.080297,0.405547,0.303487,0.858475,43.122189,-48.162685,170.656617
52638,NaN,8.926423,7.169112,7.516374,1.749710,-0.432944,3.763885,-0.165090,0.478822,0.771212,-0.083969,0.404716,0.301093,0.859359,42.469461,-48.258646,171.414052
52639,NaN,8.159276,6.911573,8.252657,2.637890,0.034035,3.434561,-0.233793,0.427810,0.734809,-0.087265,0.404073,0.298490,0.860240,41.813663,-48.356630,172.121384
52640,NaN,8.630685,6.580156,8.164276,2.146213,0.198626,3.596120,-0.241428,0.446081,0.699374,-0.090422,0.403292,0.295915,0.861170,41.159976,-48.427820,172.819471
52641,NaN,8.875048,6.264332,7.520061,1.447725,0.000540,3.319824,-0.261237,0.510859,0.718214,-0.093709,0.402262,0.293180,0.862235,40.456540,-48.472396,173.567802
52642,NaN,9.664663,6.078045,6.838246,0.406975,-0.310927,3.485649,-0.522429,0.713266,0.801992,-0.097131,0.400593,0.289049,0.864026,39.476750,-48.451702,174.485698
52643,NaN,8.374465,5.482970,6.719368,0.931055,-0.119312,2.206541,-0.620016,0.611625,0.799315,-0.100193,0.399392,0.284539,0.865728,38.484220,-48.464748,175.345602
52644,NaN,8.436217,5.434939,5.977365,0.397012,-0.637160,1.843729,-0.700229,0.497738,0.815336,-0.103001,0.398734,0.279700,0.867277,37.482064,-48.525038,176.156871
52645,NaN,8.626861,5.414927,5.949877,0.251672,-0.766311,1.955613,-0.772316,0.441215,0.841297,-0.105693,0.398380,0.274514,0.868772,36.444532,-48.610331,176.959017
52646,NaN,8.640925,5.101771,6.365534,0.391391,-0.419192,2.056720,-0.855376,0.406825,0.861004,-0.108256,0.398231,0.268936,0.870268,35.358498,-48.708592,177.761553
52647,NaN,8.731507,5.003088,6.865956,0.634762,-0.203522,2.351410,-0.853352,0.179532,0.865460,-0.110530,0.399060,0.263472,0.871273,34.351293,-48.905180,178.458832
52648,NaN,8.981861,5.202414,7.238611,0.840256,-0.301728,2.810203,-0.829405,-0.076223,0.901017,-0.112668,0.401023,0.258172,0.871685,33.423831,-49.227288,179.066205
52649,NaN,8.727249,4.682397,7.953472,1.341371,0.385210,2.812579,-0.856461,-0.372933,0.973280,-0.114676,0.404371,0.252766,0.871460,32.536286,-49.708035,179.596777
52650,NaN,9.041072,4.470238,8.100033,1.267691,0.516716,3.050347,-0.813220,-0.591239,1.023075,-0.116711,0.408690,0.247561,0.870669,31.707412,-50.304824,-179.920878
52651,NaN,8.901202,4.242970,7.598421,1.074946,0.325178,2.585137,-0.786418,-0.657984,1.095149,-0.119018,0.413351,0.242353,0.869621,30.856922,-50.950886,-179.395389
52652,NaN,9.279439,3.878958,7.140302,0.534534,0.275509,2.506942,-0.772973,-0.739793,1.221928,-0.121805,0.418489,0.236973,0.868259,29.942401,-51.669160,-178.782697
52653,NaN,11.270172,3.590497,7.381047,-0.486013,0.480461,4.112693,-0.839994,-0.706289,1.386138,-0.125187,0.423687,0.230923,0.866886,28.844314,-52.409803,-177.992539
52654,NaN,10.513138,2.423447,8.136709,0.210670,1.717582,3.588946,-1.177307,-0.980773,1.505279,-0.128051,0.430383,0.223308,0.865163,27.531608,-53.311153,-177.183766
52655,NaN,9.570581,2.439290,6.030465,-0.464257,0.519621,1.738168,-1.306509,-0.933440,1.435200,-0.130362,0.436830,0.215227,0.863633,26.128003,-54.158252,-176.363992
52656,NaN,8.572058,2.136725,4.853368,-0.679801,0.096019,0.243483,-1.204258,-0.429603,1.458516,-0.133536,0.441014,0.207188,0.862988,24.544214,-54.737310,-175.257316
52657,NaN,7.234854,1.041541,4.381711,-0.601361,0.755266,-1.345503,-1.155430,-0.162117,1.432248,-0.136965,0.443942,0.199217,0.862826,22.880226,-55.151001,-174.025927
52658,NaN,6.380388,0.757442,3.372808,-0.889492,0.467067,-2.626007,-1.056506,0.020294,1.297832,-0.140209,0.445850,0.191834,0.862994,21.290044,-55.419154,-172.819795
52659,NaN,4.832838,1.421094,3.331123,0.261999,-0.129052,-3.780591,-1.001234,0.214034,1.160522,-0.143160,0.446721,0.184843,0.863585,19.763918,-55.536553,-171.656359
52660,NaN,4.713325,0.930208,3.041766,-0.054895,0.107865,-4.127805,-0.963857,0.038675,1.029172,-0.145458,0.448180,0.178427,0.863794,18.402714,-55.708081,-170.668211
52661,NaN,6.193590,1.510720,2.924959,-0.695164,-0.670945,-2.865439,-0.773678,0.048369,0.892739,-0.147592,0.449320,0.173121,0.863920,17.247431,-55.838160,-169.799735
52662,NaN,6.462297,2.450713,3.446390,-0.060858,-1.402431,-2.218382,-0.954693,0.356144,0.916381,-0.149686,0.449264,0.166748,0.864841,15.890096,-55.792266,-168.812179
52663,NaN,7.268276,1.131394,4.576910,-0.221823,0.064457,-1.152352,-0.806762,0.646472,0.953694,-0.152499,0.447854,0.160707,0.866224,14.530055,-55.578308,-167.717759
52664,NaN,7.388227,1.798946,4.669612,0.036140,-0.639454,-0.912371,-0.757775,0.852424,1.004659,-0.155810,0.445531,0.154598,0.867943,13.132132,-55.241939,-166.539072
52665,NaN,8.096378,1.516925,5.004779,-0.245844,-0.476299,-0.189211,-0.693115,0.704663,1.049084,-0.159326,0.443803,0.148779,0.869206,11.785584,-54.976984,-165.373901
52666,NaN,8.988656,1.114964,5.568240,-0.507194,-0.156916,0.806198,-0.695855,0.633262,1.001014,-0.162575,0.442337,0.143103,0.870304,10.503820,-54.732428,-164.285888
52667,NaN,8.539678,0.608133,6.190370,-0.018150,0.477739,0.741293,-0.694099,0.511844,0.958895,-0.165546,0.441350,0.137617,0.871129,9.288277,-54.538967,-163.275496
52668,NaN,8.185704,0.328111,5.920931,-0.122448,0.558422,0.279026,-0.725524,0.359974,0.941292,-0.168265,0.441019,0.132157,0.871621,8.097818,-54.417461,-162.315465
52669,NaN,8.238673,0.248212,5.449936,-0.510153,0.319049,0.050158,-0.790845,0.382078,0.967498,-0.170951,0.440647,0.126332,0.872151,6.855807,-54.273495,-161.336954
52670,NaN,7.838243,0.584630,5.350750,-0.210588,-0.077006,-0.306971,-0.830379,0.474953,1.009448,-0.173795,0.439910,0.120155,0.872833,5.558479,-54.066637,-160.315500
52671,NaN,7.700146,0.805742,5.232168,-0.125605,-0.427597,-0.479048,-0.896557,0.595050,1.027770,-0.176626,0.438689,0.113541,0.873764,4.216443,-53.777694,-159.282784
52672,NaN,7.790322,0.896787,4.945421,-0.353720,-0.771868,-0.580797,-0.951426,0.773308,1.033006,-0.179461,0.436721,0.106509,0.875057,2.849037,-53.373367,-158.252673
52673,NaN,7.521312,0.597227,4.705123,-0.520828,-0.665630,-0.961199,-0.956887,0.914417,1.024421,-0.182299,0.434110,0.099340,0.876611,1.508485,-52.874084,-157.254581
52674,NaN,7.038385,0.429309,4.261767,-0.667345,-0.683442,-1.629052,-0.931735,0.932414,0.983047,-0.185018,0.431345,0.092347,0.878170,0.241905,-52.350244,-156.324081
52675,NaN,7.029701,0.238448,3.823772,-1.080478,-0.773374,-1.917883,-0.913909,0.871863,0.984034,-0.187733,0.428803,0.085479,0.879533,-0.986721,-51.849078,-155.422858
52676,NaN,7.027311,-0.013683,4.148692,-0.963471,-0.556877,-1.728413,-0.739967,0.700077,0.940237,-0.190551,0.426809,0.079627,0.880445,-2.063189,-51.435766,-154.582341
52677,NaN,7.429935,0.125968,4.447529,-0.928173,-0.809911,-1.240531,-0.651283,0.579375,0.905890,-0.193335,0.425240,0.074355,0.881059,-3.048310,-51.084456,-153.789961
52678,NaN,7.169801,-0.037595,5.333064,-0.212366,-0.430040,-0.889788,-0.587054,0.444654,0.871045,-0.196061,0.424164,0.069563,0.881366,-3.965147,-50.801855,-153.033920
52679,NaN,6.931857,-0.398367,5.668288,0.023326,-0.030529,-0.849616,-0.515525,0.291445,0.848753,-0.198775,0.423673,0.065282,0.881322,-4.822583,-50.600405,-152.299480
52680,NaN,7.493040,-0.628989,5.363629,-0.592801,-0.159600,-0.596817,-0.432268,0.230676,0.820659,-0.201523,0.423349,0.061486,0.881126,-5.609979,-50.428437,-151.591601
52681,NaN,7.660007,-0.800600,5.015603,-0.997482,-0.236289,-0.679151,-0.380006,0.311814,0.826643,-0.204412,0.422611,0.057832,0.881063,-6.356885,-50.204683,-150.895770
52682,NaN,7.267902,-0.482794,4.897545,-0.730438,-0.522228,-1.081449,-0.397166,0.399591,0.841655,-0.207368,0.421493,0.053972,0.881152,-7.110589,-49.923330,-150.200968
52683,NaN,6.251335,-0.296267,5.215687,0.144255,-0.364592,-1.675364,-0.494630,0.394263,0.808071,-0.209956,0.420490,0.049756,0.881267,-7.888375,-49.642620,-149.545851
52684,NaN,6.406374,-0.578021,5.565438,0.195834,-0.147596,-1.310383,-0.498932,0.348628,0.718682,-0.212134,0.419651,0.045757,0.881362,-8.604476,-49.388596,-148.971502
52685,NaN,6.222013,-0.834246,5.653777,0.257925,0.095201,-1.368838,-0.442822,0.345717,0.629367,-0.214020,0.418741,0.042196,0.881516,-9.222088,-49.140479,-148.483202
52686,NaN,5.980544,-1.056602,5.592078,0.255690,0.298531,-1.566486,-0.416391,0.313499,0.527590,-0.215513,0.417913,0.038998,0.881693,-9.756469,-48.916331,-148.082672
52687,NaN,5.947187,-1.142278,5.359981,0.069755,0.273508,-1.730404,-0.413742,0.317384,0.427498,-0.216560,0.417039,0.036017,0.881977,-10.218844,-48.697649,-147.774825
52688,NaN,5.999328,-0.948137,5.031709,-0.122017,-0.051845,-1.926548,-0.419560,0.387619,0.357477,-0.217305,0.415846,0.033079,0.882472,-10.628702,-48.445117,-147.539989
52689,NaN,6.091522,-0.507869,4.869248,-0.119837,-0.572759,-2.019646,-0.498639,0.424764,0.342678,-0.217819,0.414568,0.029780,0.883063,-11.066236,-48.172315,-147.328427
52690,NaN,5.773726,-0.411752,4.908726,0.115864,-0.591515,-2.247146,-0.572365,0.445442,0.382705,-0.218362,0.413279,0.026052,0.883652,-11.564451,-47.882073,-147.090511
52691,NaN,6.093960,-0.768730,5.441848,0.167345,-0.321297,-1.614548,-0.462640,0.311312,0.408803,-0.219215,0.412458,0.022903,0.883911,-12.027664,-47.662824,-146.814214
52692,NaN,7.647278,-0.925583,5.820730,-0.505039,-0.727927,-0.198472,-0.399408,0.362470,0.433887,-0.220324,0.411342,0.019923,0.884228,-12.460930,-47.410279,-146.528151
52693,NaN,7.098003,-1.233011,6.516248,0.169272,-0.158214,-0.101384,-0.372280,0.389883,0.404903,-0.221352,0.410066,0.017095,0.884623,-12.852482,-47.144820,-146.276774
52694,NaN,6.573225,-1.241226,6.776159,0.641516,0.045156,-0.312664,-0.366493,0.265560,0.335882,-0.222082,0.409325,0.014568,0.884828,-13.214255,-46.956397,-146.060371
52695,NaN,6.576328,-1.252268,6.749906,0.614460,0.001058,-0.325867,-0.333396,0.208733,0.266403,-0.222558,0.408794,0.012395,0.884987,-13.520936,-46.808674,-145.893417
52696,NaN,6.182158,-1.484640,6.641039,0.662752,0.301757,-0.647741,-0.250648,0.210314,0.185781,-0.222855,0.408154,0.010749,0.885229,-13.731647,-46.669760,-145.792201
52697,NaN,5.689944,-1.472311,6.302624,0.697406,0.386321,-1.231861,-0.163633,0.199514,0.105420,-0.222961,0.407459,0.009668,0.885535,-13.844661,-46.547870,-145.756838
52698,NaN,5.568490,-1.439789,5.737316,0.363565,0.275091,-1.701585,-0.091518,0.220790,0.037600,-0.222926,0.406585,0.009017,0.885952,-13.874616,-46.423184,-145.778723
52699,NaN,5.462966,-1.326928,5.441385,0.242039,0.144928,-1.993878,-0.054156,0.268248,-0.000426,-0.222788,0.405461,0.008559,0.886507,-13.853279,-46.277883,-145.842511
52700,NaN,5.502974,-1.321034,5.462873,0.220342,0.120214,-1.950893,-0.054384,0.233050,-0.043195,-0.222471,0.404487,0.008222,0.887034,-13.813512,-46.157438,-145.931597
52701,NaN,6.342964,-1.111106,5.479078,-0.180615,-0.398351,-1.368949,-0.093658,0.202465,-0.046032,-0.222049,0.403693,0.007753,0.887505,-13.798494,-46.054754,-146.018308
52702,NaN,7.391719,-1.279650,5.838194,-0.613300,-0.595353,-0.345435,-0.120939,0.293617,0.003665,-0.221807,0.402525,0.006960,0.888103,-13.815868,-45.894174,-146.081323
52703,NaN,7.669445,-1.706665,6.707218,-0.351203,-0.172441,0.510425,-0.134859,0.376149,0.044990,-0.221708,0.401007,0.005934,0.888822,-13.852078,-45.682435,-146.129820
52704,NaN,6.815644,-2.127523,7.416570,0.455606,0.651342,0.451473,-0.101573,0.264870,0.040959,-0.221668,0.399944,0.005184,0.889315,-13.883981,-45.532771,-146.157368
52705,NaN,6.412822,-1.771482,7.172292,0.644503,0.428939,-0.060517,-0.050314,0.122074,0.015701,-0.221606,0.399458,0.004870,0.889550,-13.891680,-45.466072,-146.178241
52706,NaN,6.191112,-1.415225,6.769651,0.623004,0.114998,-0.552043,-0.027276,0.072965,-0.021304,-0.221433,0.399165,0.004787,0.889726,-13.872703,-45.431713,-146.217525
52707,NaN,6.291898,-1.340206,6.499414,0.395646,-0.040745,-0.676588,0.044895,0.068969,-0.042726,-0.221299,0.398810,0.005073,0.889917,-13.800431,-45.402795,-146.274231
52708,NaN,6.770887,-1.384477,6.350623,-0.017366,-0.207861,-0.429267,0.137941,0.071930,-0.063047,-0.221269,0.398337,0.005809,0.890132,-13.663534,-45.374618,-146.346228
52709,NaN,6.868023,-1.218547,6.038777,-0.243499,-0.442153,-0.600380,0.181776,0.117220,-0.080512,-0.221241,0.397613,0.006727,0.890455,-13.485045,-45.323679,-146.441964
52710,NaN,7.123107,-1.359315,5.837808,-0.611313,-0.440478,-0.533753,0.189202,0.173560,-0.093472,-0.221180,0.396629,0.007640,0.890902,-13.288396,-45.242587,-146.556847
52711,NaN,7.110942,-1.596022,6.133114,-0.516119,-0.157024,-0.302862,0.140787,0.226864,-0.099099,-0.220989,0.395462,0.008290,0.891462,-13.109143,-45.132743,-146.687081
52712,NaN,6.779849,-1.751609,6.557341,-0.112321,0.197424,-0.221986,0.072673,0.249464,-0.108240,-0.220634,0.394266,0.008629,0.892076,-12.962261,-45.010696,-146.826395
52713,NaN,6.272717,-1.729247,6.862867,0.385626,0.433241,-0.373420,0.015823,0.244031,-0.114816,-0.220127,0.393159,0.008735,0.892689,-12.845106,-44.892791,-146.970652
52714,NaN,6.446835,-1.580683,7.016664,0.427430,0.259806,-0.166777,-0.026383,0.218128,-0.095923,-0.219630,0.392211,0.008642,0.893229,-12.767064,-44.786294,-147.093396
52715,NaN,6.450383,-1.807421,7.604092,0.726864,0.570957,0.278997,-0.028066,0.161758,-0.062151,-0.219267,0.391515,0.008540,0.893625,-12.714972,-44.706920,-147.181102
52716,NaN,7.109812,-1.908574,7.799129,0.419309,0.445813,0.894503,0.012581,0.019261,-0.045208,-0.219063,0.391415,0.008740,0.893717,-12.668054,-44.705023,-147.228155
52717,NaN,7.448509,-1.622439,7.561120,0.160998,0.016960,0.923090,0.031168,0.029169,-0.024128,-0.218985,0.391250,0.008970,0.893806,-12.620768,-44.694897,-147.261201
52718,NaN,7.296262,-1.547430,7.347716,0.126943,-0.028786,0.656408,0.059757,0.057483,0.004289,-0.219097,0.390929,0.009242,0.893916,-12.569502,-44.665388,-147.276018
52719,NaN,7.551881,-1.456114,6.918698,-0.296622,-0.289012,0.524045,0.048675,0.084829,0.025033,-0.219268,0.390499,0.009398,0.894060,-12.531437,-44.618276,-147.281446
52720,NaN,7.551514,-1.513301,6.520852,-0.608315,-0.315454,0.255449,0.025162,0.170611,0.033259,-0.219447,0.389711,0.009335,0.894361,-12.502195,-44.521878,-147.293153
52721,NaN,6.838666,-1.559819,6.528947,-0.209950,-0.003849,-0.232321,-0.005374,0.192659,0.017448,-0.219485,0.388861,0.009143,0.894723,-12.478547,-44.415698,-147.322567
52722,NaN,6.178052,-1.749522,6.566338,0.125262,0.425491,-0.639400,-0.011391,0.086285,-0.031442,-0.219299,0.388487,0.009135,0.894931,-12.445156,-44.374469,-147.370177
52723,NaN,6.343668,-1.781952,6.717043,0.112191,0.422118,-0.413465,-0.000203,0.002624,-0.078201,-0.218915,0.388471,0.009359,0.895030,-12.389477,-44.385662,-147.440992
52724,NaN,6.764057,-1.873350,6.666659,-0.213625,0.340727,-0.140846,-0.013058,-0.005751,-0.099488,-0.218418,0.388508,0.009576,0.895133,-12.330878,-44.404228,-147.526001
52725,NaN,7.053809,-1.633903,7.063812,-0.022261,0.091399,0.302373,-0.115900,0.096498,-0.138086,-0.217541,0.388199,0.009298,0.895484,-12.297098,-44.370686,-147.660403
52726,NaN,5.845032,-2.120920,7.570436,0.861592,1.088370,-0.114888,-0.161088,0.048789,-0.167274,-0.216454,0.388149,0.008925,0.895772,-12.279717,-44.366910,-147.807796
52727,NaN,7.511762,-2.038460,7.684982,-0.031097,0.401469,1.117943,-0.184949,-0.019801,-0.173786,-0.215277,0.388434,0.008533,0.895937,-12.279801,-44.402758,-147.950407
52728,NaN,8.155639,-1.764039,7.773821,-0.253613,-0.082388,1.588515,-0.309124,0.197725,-0.126675,-0.214090,0.387876,0.007258,0.896474,-12.351704,-44.310700,-148.091444
52729,NaN,6.413982,-1.618418,7.990327,1.000338,0.458887,0.501983,-0.388298,0.271011,-0.094561,-0.212887,0.387070,0.005487,0.897121,-12.477312,-44.173464,-148.221251
52730,NaN,5.365503,-1.451767,7.945972,1.670947,0.669381,-0.284071,-0.361939,0.085150,-0.092675,-0.211746,0.387072,0.004028,0.897398,-12.611872,-44.140539,-148.316289
52731,NaN,6.176897,-1.364074,7.646569,1.011494,0.216939,0.057195,-0.291756,-0.053541,-0.111563,-0.210642,0.387617,0.003069,0.897426,-12.711893,-44.187473,-148.403610
52732,NaN,6.960779,-1.465352,7.488626,0.396475,-0.019128,0.508245,-0.237031,-0.031385,-0.108731,-0.209667,0.388008,0.002326,0.897488,-12.780265,-44.221941,-148.490852
52733,NaN,7.153342,-1.720319,7.349820,0.089128,0.113619,0.585812,-0.160618,0.078694,-0.110660,-0.208826,0.387821,0.001812,0.897766,-12.789948,-44.194939,-148.600110
52734,NaN,6.577809,-1.521918,7.105084,0.335173,0.103286,-0.017638,-0.084075,0.212257,-0.117987,-0.208108,0.386957,0.001518,0.898306,-12.735868,-44.094451,-148.737435
52735,NaN,6.401309,-1.434085,6.800494,0.242654,0.036268,-0.367063,-0.040603,0.294709,-0.155433,-0.207300,0.385678,0.001402,0.899042,-12.627491,-43.952578,-148.918354
52736,NaN,6.392025,-1.273093,6.395673,0.000290,-0.174125,-0.682901,-0.039001,0.322513,-0.179597,-0.206393,0.384269,0.001315,0.899854,-12.502474,-43.797769,-149.121435
52737,NaN,7.051677,-1.271230,6.117720,-0.630058,-0.463976,-0.423526,-0.029575,0.329506,-0.195294,-0.205423,0.382812,0.001294,0.900697,-12.363078,-43.640089,-149.338366
52738,NaN,7.085593,-1.249284,6.153538,-0.651804,-0.488167,-0.380343,-0.015514,0.363589,-0.213667,-0.204406,0.381190,0.001336,0.901615,-12.204011,-43.465720,-149.572533
52739,NaN,6.215856,-1.130851,6.203800,-0.060900,-0.263811,-0.962295,-0.002955,0.291196,-0.250376,-0.203235,0.379881,0.001579,0.902432,-12.027197,-43.335934,-149.823241
52740,NaN,5.772562,-0.883315,6.292116,0.345974,-0.304237,-1.240573,0.034424,0.166857,-0.289964,-0.201966,0.379093,0.002192,0.903047,-11.823562,-43.279827,-150.081728
52741,NaN,5.711200,-0.769421,6.472179,0.533425,-0.341287,-1.169895,0.089675,0.071652,-0.281475,-0.200835,0.378673,0.003130,0.903473,-11.603676,-43.274774,-150.318467
52742,NaN,5.975000,-0.795820,6.507840,0.371713,-0.383419,-0.958270,0.130114,-0.033211,-0.280549,-0.199785,0.378690,0.004359,0.903693,-11.372160,-43.328493,-150.537698
52743,NaN,6.762071,-0.703656,6.276296,-0.254445,-0.756830,-0.594499,0.180032,-0.120421,-0.274270,-0.198851,0.379053,0.005884,0.903738,-11.124319,-43.430183,-150.739702
52744,NaN,7.463396,-0.881556,6.305138,-0.743135,-0.802002,-0.063912,0.205037,-0.150210,-0.263007,-0.198018,0.379523,0.007535,0.903712,-10.869948,-43.546421,-150.929010
52745,NaN,7.841046,-0.949134,6.327584,-0.988168,-0.829799,0.225042,0.224584,-0.189682,-0.263249,-0.197206,0.380156,0.009316,0.903606,-10.606419,-43.685353,-151.115585
52746,NaN,8.487375,-1.185965,6.162262,-1.594365,-0.824353,0.588939,0.268386,-0.134732,-0.227980,-0.196652,0.380492,0.011171,0.903565,-10.330938,-43.787952,-151.282069
52747,NaN,9.207279,-1.174299,5.984609,-2.180246,-1.079485,0.959946,0.371218,0.100657,-0.144402,-0.196670,0.379670,0.013103,0.903880,-10.017184,-43.749505,-151.419010
52748,NaN,7.497065,-1.052605,6.606851,-0.656706,-0.466049,0.203092,0.358803,0.216654,-0.112790,-0.196827,0.378332,0.014802,0.904381,-9.718202,-43.641175,-151.544647
52749,NaN,6.540508,-1.086372,6.943522,0.139847,-0.018609,-0.213160,0.357595,0.085258,-0.160612,-0.196742,0.377592,0.016718,0.904675,-9.406031,-43.612218,-151.691093
52750,NaN,6.291356,-0.607682,7.253421,0.668248,-0.284518,-0.219204,0.352321,-0.046834,-0.192681,-0.196503,0.377442,0.018798,0.904749,-9.092123,-43.659276,-151.843879
52751,NaN,6.651846,-0.525681,7.626274,0.715113,-0.374466,0.288387,0.306430,-0.158890,-0.222093,-0.196015,0.377839,0.020846,0.904644,-8.794986,-43.772161,-152.009783
52752,NaN,6.958940,-0.586777,7.781994,0.604183,-0.349271,0.620116,0.285091,-0.200076,-0.232187,-0.195454,0.378442,0.022846,0.904465,-8.509572,-43.908271,-152.176476
52753,NaN,6.831963,-0.631094,7.729671,0.641106,-0.231313,0.500272,0.247036,-0.249548,-0.217992,-0.194860,0.379317,0.024703,0.904178,-8.255006,-44.072395,-152.330161
52754,NaN,7.061450,-0.883626,7.512485,0.267291,-0.072765,0.531654,0.215614,-0.290686,-0.255286,-0.194050,0.380390,0.026521,0.903850,-8.001274,-44.260665,-152.507534
52755,NaN,6.903148,-0.799075,7.276897,0.254513,-0.100559,0.245650,0.186828,-0.286321,-0.270060,-0.193101,0.381473,0.028240,0.903545,-7.752009,-44.448054,-152.701649
52756,NaN,6.847739,-0.685728,6.941815,0.119842,-0.213604,-0.040767,0.127790,-0.287897,-0.265053,-0.192078,0.382614,0.029677,0.903234,-7.539746,-44.634408,-152.890457
52757,NaN,6.972042,-0.499556,6.795424,0.025666,-0.421109,-0.073148,0.065599,-0.243879,-0.247663,-0.191007,0.383616,0.030763,0.903000,-7.366555,-44.794216,-153.073800
52758,NaN,7.115322,-0.539365,6.951180,0.039789,-0.371029,0.142126,0.011377,-0.197112,-0.227530,-0.189943,0.384462,0.031516,0.902839,-7.233038,-44.925427,-153.244474
52759,NaN,7.415664,-0.823560,7.161764,-0.100071,-0.135850,0.528138,0.016130,-0.158387,-0.230144,-0.188875,0.385120,0.032260,0.902756,-7.090649,-45.033910,-153.423441
52760,NaN,7.497461,-0.874032,7.278439,-0.084049,-0.066985,0.672538,0.024975,-0.099296,-0.224235,-0.187866,0.385510,0.032974,0.902774,-6.942816,-45.108667,-153.602703
52761,NaN,7.330791,-0.842573,7.212543,-0.012098,-0.034861,0.505734,0.048684,-0.034139,-0.216893,-0.186940,0.385584,0.033722,0.902907,-6.779926,-45.145532,-153.784119
52762,NaN,7.156553,-0.852651,7.044958,-0.026156,0.015664,0.265692,0.079766,0.017561,-0.217106,-0.186088,0.385395,0.034561,0.903132,-6.596165,-45.152587,-153.969534
52763,NaN,6.943722,-0.879199,6.971290,0.039916,0.112473,0.065210,0.103623,0.011482,-0.207574,-0.185316,0.385211,0.035497,0.903333,-6.403537,-45.162040,-154.148301
52764,NaN,6.863930,-0.847977,6.914281,0.055909,0.119176,-0.034012,0.117756,-0.029786,-0.215470,-0.184536,0.385200,0.036547,0.903456,-6.201764,-45.195077,-154.328328
52765,NaN,6.719938,-0.811807,6.899450,0.146933,0.151886,-0.149650,0.117750,-0.074561,-0.227809,-0.183680,0.385393,0.037666,0.903502,-5.994425,-45.254717,-154.516519
52766,NaN,6.486138,-0.730473,6.949400,0.360421,0.184117,-0.287254,0.093756,-0.135127,-0.234880,-0.182746,0.385874,0.038742,0.903440,-5.800709,-45.348034,-154.704174
52767,NaN,6.530983,-0.678459,6.970834,0.372539,0.153698,-0.244819,0.060987,-0.187794,-0.238812,-0.181713,0.386622,0.039727,0.903286,-5.625222,-45.471263,-154.892630
52768,NaN,6.887780,-0.938847,7.157055,0.191705,0.356914,0.156374,0.036724,-0.212749,-0.246889,-0.180598,0.387502,0.040640,0.903092,-5.459879,-45.608691,-155.085546
52769,NaN,7.128674,-1.463135,7.122345,-0.159410,0.798374,0.337369,0.066337,-0.213685,-0.301712,-0.179288,0.388344,0.041792,0.902939,-5.244092,-45.748794,-155.325114
52770,NaN,6.477200,-0.998164,6.968205,0.324640,0.556009,-0.268490,0.084895,-0.201902,-0.317312,-0.177950,0.389114,0.043049,0.902813,-5.006871,-45.882651,-155.578871
52771,NaN,6.916094,-0.727134,6.618404,-0.090036,0.134242,-0.213825,0.082327,-0.160987,-0.300326,-0.176680,0.389707,0.044227,0.902750,-4.776680,-45.992029,-155.824760
52772,NaN,7.315059,-0.905637,6.403285,-0.555039,0.170579,-0.066144,0.138410,-0.015700,-0.253180,-0.175775,0.389601,0.045436,0.902912,-4.535430,-46.015115,-156.040690
52773,NaN,8.217590,-0.177250,6.202610,-1.028204,-0.786331,0.402839,0.197177,0.232440,-0.141699,-0.175534,0.388352,0.046474,0.903444,-4.314730,-45.891597,-156.182046
52774,NaN,7.136674,-0.310687,6.965256,0.102259,-0.181332,0.162281,0.094451,0.332786,-0.080274,-0.175404,0.386749,0.046841,0.904138,-4.185981,-45.707159,-156.276931
52775,NaN,7.458403,-0.742081,7.445862,0.038050,0.240832,0.749499,0.112723,0.275802,-0.096589,-0.175214,0.385387,0.047371,0.904728,-4.040321,-45.556435,-156.381824
52776,NaN,6.996963,-0.989558,7.591209,0.321220,0.643707,0.533597,0.099701,0.097369,-0.137837,-0.174777,0.384828,0.048078,0.905013,-3.886116,-45.508509,-156.508597
52777,NaN,6.555898,-1.069958,7.547908,0.547089,0.855291,0.190543,0.056657,-0.242226,-0.264785,-0.173591,0.385812,0.049134,0.904766,-3.694592,-45.659369,-156.722326
52778,NaN,5.814193,-0.901384,7.348163,0.979070,0.897931,-0.493482,0.008719,-0.644399,-0.442337,-0.171419,0.388610,0.050662,0.903898,-3.439693,-46.045866,-157.061384
52779,NaN,6.498912,-0.594116,7.048780,0.504597,0.414361,-0.229001,0.018986,-0.923137,-0.492686,-0.168955,0.392648,0.052571,0.902507,-3.152411,-46.593676,-157.435530
52780,NaN,8.858190,-0.377432,6.842587,-0.988387,-0.393435,1.336238,0.023378,-0.782069,-0.373303,-0.167081,0.396057,0.054145,0.901272,-2.923470,-47.054647,-157.722034
52781,NaN,9.311255,-0.186737,7.267323,-0.863563,-0.544051,1.956189,-0.031507,-0.306834,-0.211192,-0.165944,0.397415,0.054756,0.900847,-2.806482,-47.239071,-157.897841
52782,NaN,7.507152,-0.017423,7.656429,0.615241,-0.135900,0.891590,-0.142041,-0.011319,-0.147453,-0.164966,0.397545,0.054495,0.900985,-2.783611,-47.251813,-158.030824
52783,NaN,6.770728,-0.042094,7.405178,0.892051,0.016723,0.181569,-0.168495,0.072178,-0.161445,-0.163892,0.397312,0.054072,0.901309,-2.764542,-47.216581,-158.179725
52784,NaN,6.843331,-0.035537,6.713522,0.354907,-0.165268,-0.234038,-0.105498,0.138892,-0.183392,-0.162865,0.396725,0.053924,0.901763,-2.694321,-47.144233,-158.348857
52785,NaN,6.930515,0.034589,6.026006,-0.175746,-0.405952,-0.639343,-0.050313,0.235040,-0.186256,-0.161956,0.395655,0.053950,0.902395,-2.588322,-47.016392,-158.524410
52786,NaN,6.958578,0.010988,5.704467,-0.454838,-0.460302,-0.838055,0.014165,0.360448,-0.166443,-0.161303,0.393973,0.054128,0.903237,-2.455362,-46.816382,-158.686295
52787,NaN,6.647905,-0.017881,5.798400,-0.240681,-0.331146,-1.000839,0.094181,0.454750,-0.182178,-0.160752,0.391791,0.054623,0.904254,-2.265278,-46.561974,-158.864475
52788,NaN,5.979457,-0.085636,6.334866,0.493640,0.027325,-1.115148,0.138889,0.403055,-0.248930,-0.159981,0.389790,0.055491,0.905202,-2.013533,-46.338599,-159.092899
52789,NaN,6.098015,-0.225584,6.764520,0.631316,0.244837,-0.727711,0.187958,0.213216,-0.292129,-0.159042,0.388593,0.056821,0.905799,-1.711971,-46.223915,-159.352065
52790,NaN,6.741014,-0.141317,7.176151,0.501727,0.129568,0.020408,0.215109,0.076772,-0.286729,-0.158155,0.387995,0.058367,0.906113,-1.403063,-46.186419,-159.600118
52791,NaN,7.141926,-0.097583,7.428836,0.413852,0.081072,0.484220,0.187897,0.006857,-0.252849,-0.157341,0.387740,0.059780,0.906272,-1.130655,-46.187261,-159.819576
52792,NaN,7.358831,-0.079181,7.479313,0.306630,0.053667,0.675488,0.118127,-0.065795,-0.234926,-0.156457,0.387876,0.060899,0.906292,-0.910141,-46.229301,-160.022141
52793,NaN,8.670243,-0.388109,7.327342,-0.753749,0.025514,1.520665,0.073296,-0.049701,-0.164337,-0.155802,0.388003,0.061664,0.906299,-0.756751,-46.261887,-160.167996
52794,NaN,8.113529,-0.348847,6.894131,-0.679956,0.033494,0.818241,0.010072,0.055999,-0.099858,-0.155358,0.387712,0.061936,0.906481,-0.677633,-46.232439,-160.260389
52795,NaN,7.257186,0.219255,6.242377,-0.392006,-0.448656,-0.256165,-0.002708,0.129777,-0.084216,-0.154971,0.387103,0.062065,0.906798,-0.613676,-46.160743,-160.342339
52796,NaN,6.510388,0.390654,5.920174,-0.086042,-0.507583,-1.019444,0.054754,0.211282,-0.101037,-0.154655,0.386074,0.062421,0.907267,-0.507773,-46.042161,-160.436601
52797,NaN,6.295159,0.412040,5.946955,0.059882,-0.463004,-1.155489,0.136504,0.166797,-0.133534,-0.154325,0.385176,0.063247,0.907647,-0.335614,-45.949592,-160.558525
52798,NaN,6.779278,0.222736,6.173143,-0.185094,-0.327646,-0.648941,0.194367,0.128777,-0.162607,-0.153973,0.384392,0.064419,0.907957,-0.114652,-45.878039,-160.701904
52799,NaN,7.049879,0.094495,6.451924,-0.237040,-0.181202,-0.260308,0.263293,0.149615,-0.172208,-0.153704,0.383460,0.065909,0.908289,0.152114,-45.794744,-160.854654
52800,NaN,7.535927,-0.116003,6.856026,-0.377221,0.028761,0.368939,0.311611,0.137918,-0.159668,-0.153592,0.382543,0.067601,0.908570,0.437258,-45.717061,-160.994238
52801,NaN,8.677544,-0.160946,7.460391,-0.764871,-0.016227,1.606494,0.278405,0.165751,-0.124599,-0.153576,0.381535,0.069054,0.908888,0.682924,-45.623178,-161.105682
52802,NaN,8.445268,-0.456232,8.206630,-0.233656,0.515044,1.958445,0.139331,0.155102,-0.078364,-0.153510,0.380698,0.069794,0.909193,0.820446,-45.535486,-161.177203
52803,NaN,7.756126,-0.755360,8.230409,0.124739,0.970685,1.479340,0.054652,0.025164,-0.076711,-0.153234,0.380515,0.070249,0.909281,0.910773,-45.522024,-161.250714
52804,NaN,7.482105,-0.367722,7.537072,-0.031955,0.508050,0.801710,0.038439,-0.042907,-0.064411,-0.152970,0.380660,0.070655,0.909234,0.983871,-45.547729,-161.313017
52805,NaN,6.980165,-0.143818,6.911731,-0.043144,0.264685,0.007878,0.036144,-0.017638,-0.024227,-0.152888,0.380710,0.070952,0.909204,1.031757,-45.559736,-161.342674
52806,NaN,6.459034,0.056458,6.604064,0.163118,0.123421,-0.577205,0.052581,-0.028281,-0.016472,-0.152874,0.380794,0.071320,0.909142,1.084889,-45.577485,-161.365636
52807,NaN,6.152834,0.148156,6.350616,0.228437,0.051273,-0.972166,0.070815,-0.061654,-0.038128,-0.152777,0.381009,0.071836,0.909027,1.161803,-45.614116,-161.407831
52808,NaN,6.198006,0.333782,6.182398,0.149495,-0.164467,-1.054872,0.092055,-0.058631,-0.062219,-0.152620,0.381185,0.072494,0.908928,1.264803,-45.648653,-161.468888
52809,NaN,6.253488,0.395246,6.049850,0.042553,-0.255494,-1.106602,0.118736,0.014311,-0.070593,-0.152491,0.381011,0.073232,0.908963,1.387533,-45.641910,-161.536898
52810,NaN,5.995977,0.530004,6.002472,0.217900,-0.323990,-1.320936,0.173963,0.082054,-0.100374,-0.152367,0.380470,0.074228,0.909130,1.557817,-45.595111,-161.626448
52811,NaN,5.998268,0.572939,6.109237,0.289970,-0.320887,-1.242789,0.215682,0.065376,-0.138572,-0.152137,0.379958,0.075496,0.909278,1.774461,-45.556962,-161.748074
52812,NaN,6.874260,0.377256,6.383511,-0.187482,-0.236346,-0.428876,0.266616,0.047173,-0.151373,-0.151944,0.379485,0.077035,0.909379,2.027743,-45.528701,-161.879645
52813,NaN,7.619070,0.062806,6.716459,-0.582127,0.010450,0.327625,0.317593,0.071304,-0.143407,-0.151883,0.378869,0.078773,0.909497,2.305332,-45.486787,-162.005003
52814,NaN,8.263636,-0.247870,6.895944,-1.019035,0.240261,0.902109,0.394985,0.132178,-0.118798,-0.152114,0.377922,0.080770,0.909677,2.610508,-45.409773,-162.106399
52815,NaN,10.703671,-0.941357,6.839324,-2.963951,0.377390,2.568884,0.549895,0.370309,0.000024,-0.153260,0.375822,0.083067,0.910148,2.929259,-45.199887,-162.102736
52816,NaN,10.950597,-0.320294,7.063982,-2.858228,-0.200375,2.903724,0.590273,0.915582,0.205935,-0.155655,0.371284,0.084739,0.911449,3.135172,-44.683777,-161.906103
52817,NaN,7.074806,0.767254,8.044948,0.667159,-0.125915,0.906494,0.303114,1.021508,0.312432,-0.158033,0.366522,0.084821,0.912958,3.116110,-44.110721,-161.621550
52818,NaN,4.773382,0.701669,8.547020,2.463135,0.565511,-0.328911,0.064496,0.522816,0.251124,-0.159488,0.364190,0.084317,0.913685,3.011815,-43.820788,-161.408570
52819,NaN,4.809148,0.505276,8.452645,2.294535,0.702961,-0.374925,-0.045530,-0.120608,0.127655,-0.159905,0.364821,0.084048,0.913385,2.932156,-43.893813,-161.321653
52820,NaN,5.581413,0.085396,7.780918,1.229862,0.744154,-0.345089,-0.080990,-0.734819,-0.016661,-0.159340,0.368233,0.084370,0.912084,2.928659,-44.315310,-161.373806
52821,NaN,6.529644,0.157303,7.207751,0.328558,0.333718,-0.097116,-0.153209,-1.145825,-0.113890,-0.158014,0.373525,0.084869,0.910114,2.952078,-44.968876,-161.523006
52822,NaN,7.455553,0.140719,6.797308,-0.454246,0.069677,0.266793,-0.208562,-1.261515,-0.140736,-0.156416,0.379364,0.085253,0.907937,2.964849,-45.688059,-161.699702
52823,NaN,7.504930,0.201644,6.762463,-0.373565,0.032635,0.284530,-0.229384,-1.158625,-0.144866,-0.154788,0.384743,0.085465,0.905930,2.968267,-46.349032,-161.878886
52824,NaN,7.982322,0.466107,6.694916,-0.538406,-0.304152,0.597569,-0.224292,-0.939201,-0.070651,-0.153605,0.389137,0.085387,0.904261,2.925177,-46.885875,-161.987323
52825,NaN,9.074206,0.373220,6.788129,-1.139237,-0.405526,1.461024,-0.212378,-0.533281,0.024552,-0.153035,0.391729,0.084863,0.903287,2.818657,-47.194268,-161.999995
52826,NaN,8.462033,0.097098,7.055719,-0.617144,0.053090,1.187989,-0.177855,-0.100238,0.064366,-0.152906,0.392346,0.084087,0.903113,2.693438,-47.254941,-161.959225
52827,NaN,7.555635,-0.006875,7.135002,-0.010400,0.346742,0.573627,-0.148199,0.162333,0.099950,-0.153095,0.391775,0.083174,0.903414,2.556463,-47.166825,-161.879954
52828,NaN,7.273284,0.043051,7.058979,0.118751,0.315979,0.317349,-0.102459,0.338271,0.118615,-0.153542,0.390375,0.082296,0.904024,2.429168,-46.977713,-161.777253
52829,NaN,6.915865,-0.003421,6.952876,0.229658,0.381060,-0.016078,-0.079629,0.464157,0.130384,-0.154135,0.388387,0.081398,0.904860,2.305437,-46.716027,-161.661648
52830,NaN,6.269310,-0.014151,6.753933,0.477279,0.452362,-0.620979,-0.071075,0.407102,0.117788,-0.154667,0.386648,0.080610,0.905585,2.197059,-46.487197,-161.559439
52831,NaN,6.230587,0.084256,6.459014,0.314529,0.271801,-0.847570,-0.070491,0.202314,0.079004,-0.154938,0.385822,0.080052,0.905940,2.117017,-46.374928,-161.496650
52832,NaN,6.052795,0.066692,6.528787,0.465630,0.336494,-0.928106,-0.081281,0.005144,0.018049,-0.154837,0.385871,0.079721,0.905966,2.072783,-46.373968,-161.490746
52833,NaN,7.063759,-0.412812,5.808512,-0.841693,0.376073,-0.704667,0.055273,-0.086347,0.014236,-0.154938,0.386230,0.080083,0.905763,2.110841,-46.425742,-161.491435
52834,NaN,7.311372,0.774370,5.990328,-0.471330,-0.742997,-0.369932,0.102610,0.029984,0.131001,-0.155713,0.386068,0.080347,0.905676,2.103452,-46.412941,-161.390953
52835,NaN,8.049808,0.714055,6.537876,-0.606516,-0.711145,0.540066,0.052541,0.079081,0.216216,-0.156777,0.385762,0.080188,0.905637,2.017205,-46.374475,-161.221578
52836,NaN,7.964725,0.268556,7.578146,-0.002994,-0.013804,1.184450,-0.033350,0.027750,0.230161,-0.157737,0.385756,0.079648,0.905521,1.872564,-46.364685,-161.039011
52837,NaN,8.134031,-0.502997,7.786916,-0.227938,0.712472,1.434174,-0.058475,-0.142343,0.177381,-0.158335,0.386521,0.079226,0.905127,1.748267,-46.451298,-160.905381
52838,NaN,8.132174,-0.535302,7.337344,-0.517121,0.614682,1.123953,-0.072165,-0.209723,0.159855,-0.158807,0.387591,0.078832,0.904621,1.627443,-46.575759,-160.786730
52839,NaN,7.544010,-0.130877,6.613043,-0.463049,0.167913,0.208236,-0.055115,-0.104821,0.159392,-0.159344,0.388174,0.078431,0.904311,1.514514,-46.640125,-160.666472
52840,NaN,6.428088,0.442522,5.899142,-0.018574,-0.315260,-1.082495,-0.000265,0.110980,0.148674,-0.160031,0.387732,0.078129,0.904406,1.435877,-46.580430,-160.549374
52841,NaN,4.894630,0.869424,5.718729,0.992913,-0.418569,-2.312282,0.074041,0.202329,0.058472,-0.160483,0.386785,0.078261,0.904720,1.452965,-46.467406,-160.506295
52842,NaN,4.815030,0.813192,6.052837,1.238137,-0.255996,-2.139090,0.144504,0.099894,-0.026399,-0.160653,0.386207,0.078962,0.904875,1.563365,-46.411466,-160.535268
52843,NaN,6.141507,0.472985,6.558719,0.589788,-0.095334,-0.834844,0.165723,-0.012392,-0.063572,-0.160643,0.386107,0.079920,0.904836,1.710591,-46.419302,-160.598934
52844,NaN,7.164521,0.306230,6.691754,-0.051267,-0.123506,-0.005251,0.155964,0.047009,-0.047569,-0.160719,0.385751,0.080756,0.904900,1.840978,-46.393179,-160.646454
52845,NaN,7.318949,0.552620,6.722970,-0.062187,-0.372638,0.133565,0.152560,0.256562,-0.013429,-0.161019,0.384462,0.081341,0.905343,1.945098,-46.247533,-160.660947
52846,NaN,7.159932,0.772602,6.799219,0.135827,-0.522726,0.076654,0.136391,0.431832,0.026594,-0.161548,0.382408,0.081636,0.906092,2.011752,-46.002407,-160.635836
52847,NaN,7.146110,0.674625,7.057257,0.238820,-0.366252,0.243929,0.098066,0.461257,0.034727,-0.162042,0.380252,0.081718,0.906903,2.051831,-45.740506,-160.604559
52848,NaN,7.341786,0.129300,7.345100,0.065797,0.166718,0.571762,0.076602,0.367277,0.018616,-0.162393,0.378532,0.081808,0.907551,2.090168,-45.532206,-160.587546
52849,NaN,7.766677,0.051164,7.357486,-0.268840,0.138047,0.881474,0.102300,0.289089,0.030162,-0.162801,0.377148,0.082060,0.908032,2.139312,-45.368798,-160.565186
52850,NaN,7.496225,0.283935,7.321899,-0.059476,-0.029407,0.669666,0.098581,0.267419,0.020270,-0.163159,0.375862,0.082327,0.908476,2.191267,-45.217727,-160.549516
52851,NaN,6.892977,0.228418,7.214540,0.225911,0.134255,0.164577,0.092673,0.198683,-0.016215,-0.163302,0.374875,0.082694,0.908825,2.263330,-45.104831,-160.567083
52852,NaN,6.703727,0.338438,7.003949,0.234022,0.023415,-0.114520,0.121853,0.145669,-0.051215,-0.163328,0.374092,0.083301,0.909087,2.372147,-45.021834,-160.612841
52853,NaN,6.515142,0.474864,6.824084,0.275274,-0.099939,-0.370500,0.120255,0.108875,-0.073947,-0.163229,0.373466,0.083970,0.909301,2.493614,-44.958811,-160.678358
52854,NaN,6.759050,0.550646,6.568337,-0.043020,-0.287922,-0.376255,0.128058,0.140808,-0.084963,-0.163111,0.372686,0.084671,0.909577,2.624859,-44.877597,-160.750961
52855,NaN,6.791751,0.631614,6.536499,-0.077126,-0.371098,-0.372935,0.129624,0.213420,-0.079543,-0.163042,0.371580,0.085311,0.909983,2.752123,-44.755272,-160.817467
52856,NaN,6.709488,0.598510,6.492430,-0.088284,-0.326539,-0.463216,0.130815,0.260180,-0.084900,-0.162979,0.370253,0.085927,0.910476,2.880804,-44.605518,-160.884480
52857,NaN,6.885658,0.675819,6.604003,-0.135302,-0.403613,-0.257553,0.122398,0.275015,-0.063632,-0.162988,0.368874,0.086460,0.910984,2.993684,-44.447929,-160.936029
52858,NaN,7.324132,0.554983,6.952460,-0.280789,-0.294379,0.292857,0.099182,0.298141,-0.047054,-0.163055,0.367415,0.086831,0.911526,3.080852,-44.277421,-160.969970
52859,NaN,7.463663,0.307028,7.241162,-0.310399,-0.016039,0.586268,0.079002,0.278586,-0.022532,-0.163167,0.366076,0.087089,0.912020,3.145394,-44.119464,-160.988217
52860,NaN,7.250348,0.066349,7.360747,-0.200400,0.290254,0.513401,0.060311,0.173017,-0.005433,-0.163298,0.365235,0.087308,0.912313,3.190459,-44.021801,-160.993823
52861,NaN,7.707807,0.046512,7.366231,-0.528916,0.203847,0.834026,0.054950,0.071472,0.018104,-0.163471,0.364860,0.087551,0.912408,3.224613,-43.981607,-160.987308
52862,NaN,7.802051,-0.048615,7.448920,-0.580332,0.294081,0.954741,0.029838,0.026946,0.038421,-0.163682,0.364730,0.087670,0.912411,3.232448,-43.968914,-160.964452
52863,NaN,7.772414,-0.060358,7.209925,-0.717168,0.244369,0.761953,0.014210,-0.007231,0.066595,-0.163968,0.364778,0.087698,0.912338,3.218004,-43.976352,-160.922450
52864,NaN,7.671995,0.080679,6.954376,-0.757290,0.062221,0.514558,0.008274,-0.020488,0.100371,-0.164402,0.364909,0.087645,0.912213,3.180744,-43.992767,-160.852454
52865,NaN,6.978817,0.176028,6.805503,-0.340295,0.091633,-0.069713,-0.010337,-0.054657,0.100033,-0.164775,0.365216,0.087535,0.912033,3.134429,-44.029185,-160.785520
52866,NaN,6.201908,0.271629,6.403094,-0.024444,0.074133,-0.894675,0.004725,-0.142377,0.039939,-0.164873,0.365879,0.087677,0.911736,3.132135,-44.113383,-160.768828
52867,NaN,6.119731,0.550893,6.114119,-0.037016,-0.238913,-1.147898,0.056139,-0.217774,-0.010892,-0.164780,0.366830,0.088213,0.911319,3.191611,-44.240272,-160.799145
52868,NaN,5.839047,0.639794,6.029348,0.146505,-0.265044,-1.400488,0.082167,-0.231464,-0.060682,-0.164522,0.367790,0.088964,0.910905,3.292749,-44.372193,-160.867078
52869,NaN,5.647679,0.788419,6.052577,0.359760,-0.332318,-1.511383,0.123975,-0.260722,-0.115788,-0.164059,0.368832,0.090035,0.910462,3.451618,-44.519894,-160.983727
52870,NaN,6.194055,0.904114,6.259040,0.180913,-0.483727,-0.975690,0.153061,-0.258421,-0.131428,-0.163596,0.369823,0.091262,0.910021,3.635361,-44.664468,-161.111118
52871,NaN,6.858170,0.805430,6.649906,-0.038181,-0.406435,-0.234705,0.178278,-0.192213,-0.104779,-0.163325,0.370507,0.092498,0.909667,3.816928,-44.772255,-161.215370
52872,NaN,7.820702,0.603607,7.113952,-0.454850,-0.281508,0.763223,0.181997,-0.064197,-0.051012,-0.163370,0.370627,0.093548,0.909503,3.965609,-44.808378,-161.269018
52873,NaN,8.220764,0.496120,7.554409,-0.486590,-0.130036,1.351653,0.157990,0.101594,0.008422,-0.163702,0.370044,0.094248,0.909608,4.062000,-44.752666,-161.268277
52874,NaN,7.446573,0.403398,8.002188,0.271751,0.268876,1.119057,0.090576,0.145855,0.008975,-0.163949,0.369311,0.094600,0.909825,4.115885,-44.671062,-161.261710
52875,NaN,7.995376,-0.355315,7.921756,-0.442224,0.828670,1.408910,0.085552,0.062109,-0.014059,-0.164031,0.368958,0.095040,0.909907,4.183837,-44.637118,-161.279994
52876,NaN,7.084573,-0.164935,7.444910,-0.074362,0.726912,0.439685,0.096835,0.081309,-0.036566,-0.164051,0.368491,0.095557,0.910039,4.269494,-44.590485,-161.313547
52877,NaN,5.565769,0.229073,7.117731,0.885663,0.621249,-0.839283,0.025336,-0.148962,-0.070931,-0.163658,0.369121,0.096003,0.909807,4.344487,-44.674796,-161.390912
52878,NaN,6.502228,0.622355,6.752064,0.182236,-0.048827,-0.420084,0.029305,-0.309808,-0.089366,-0.163127,0.370463,0.096630,0.909291,4.438372,-44.849213,-161.491010
52879,NaN,6.401857,0.768001,6.948032,0.457503,-0.083941,-0.345255,-0.023001,-0.402334,-0.090462,-0.162435,0.372270,0.097098,0.908626,4.508759,-45.076777,-161.600500
52880,NaN,6.908066,0.701910,7.203953,0.298702,-0.038474,0.188316,-0.057973,-0.519161,-0.096833,-0.161605,0.374628,0.097512,0.907761,4.568097,-45.370247,-161.721572
52881,NaN,7.361397,0.588917,7.217835,0.010832,-0.006285,0.513674,-0.072490,-0.514780,-0.107675,-0.160691,0.376974,0.097873,0.906912,4.626433,-45.661203,-161.853275
52882,NaN,7.389542,0.460399,7.207573,-0.016835,0.126137,0.519303,-0.078586,-0.455317,-0.112521,-0.159779,0.379046,0.098170,0.906177,4.682444,-45.917311,-161.985014
52883,NaN,7.460762,0.348881,7.089459,-0.144652,0.198576,0.482197,-0.071436,-0.356609,-0.103900,-0.158952,0.380674,0.098406,0.905614,4.734856,-46.118271,-162.106395
52884,NaN,7.507393,0.309503,6.925825,-0.271160,0.190954,0.400724,-0.058662,-0.224484,-0.083621,-0.158322,0.381696,0.098554,0.905279,4.775430,-46.243789,-162.200051
52885,NaN,7.487785,0.275165,6.886379,-0.283660,0.223848,0.357578,-0.043507,-0.072046,-0.052650,-0.157926,0.382034,0.098590,0.905202,4.799404,-46.284047,-162.259303
52886,NaN,7.317221,0.267253,6.948582,-0.132482,0.287949,0.276686,-0.030067,0.047839,-0.020853,-0.157768,0.381831,0.098531,0.905321,4.805564,-46.257039,-162.282521
52887,NaN,7.268234,0.303018,6.995283,-0.064798,0.276580,0.275539,-0.011034,0.132274,0.004768,-0.157791,0.381253,0.098443,0.905570,4.803669,-46.184160,-162.280671
52888,NaN,7.278048,0.309777,6.933558,-0.124944,0.244350,0.240413,0.013850,0.199481,0.028238,-0.158013,0.380352,0.098370,0.905918,4.798191,-46.072928,-162.252895
52889,NaN,7.188598,0.283015,6.891724,-0.122354,0.268723,0.145459,0.036869,0.219416,0.049906,-0.158385,0.379352,0.098341,0.906275,4.791895,-45.951131,-162.206275
52890,NaN,7.967318,-0.213393,6.215478,-1.282995,0.357635,0.206386,0.136977,0.230616,0.068684,-0.159040,0.378232,0.098724,0.906587,4.831746,-45.824070,-162.143264
52891,NaN,6.221763,0.895955,6.457883,0.414968,-0.231898,-0.813170,0.087721,0.224681,0.049789,-0.159499,0.377169,0.098928,0.906927,4.856149,-45.699567,-162.098341
52892,NaN,5.540976,0.947178,6.823140,1.119391,-0.023331,-1.043353,-0.031242,-0.115413,-0.024974,-0.159240,0.377705,0.099001,0.906742,4.871844,-45.765541,-162.136026
52893,NaN,7.667389,0.717470,7.024557,-0.225313,-0.197945,0.606429,-0.044795,-0.288589,0.010453,-0.159020,0.379057,0.099083,0.906207,4.868166,-45.932451,-162.158282
52894,NaN,8.446672,0.401764,7.355207,-0.608579,0.033766,1.378164,-0.105929,-0.271278,0.055566,-0.158907,0.380397,0.098789,0.905697,4.801461,-46.091315,-162.140738
52895,NaN,8.286592,0.145065,7.428003,-0.518523,0.326562,1.299842,-0.172576,-0.206689,0.039925,-0.158620,0.381496,0.098167,0.905353,4.702228,-46.213146,-162.132234
52896,NaN,8.182299,0.016760,7.073553,-0.712047,0.355844,0.973962,-0.136649,-0.050978,0.033522,-0.158457,0.381851,0.097601,0.905293,4.619756,-46.245141,-162.117295
52897,NaN,6.791883,0.407002,7.016372,0.308292,0.261653,-0.047377,-0.105054,0.093098,0.036122,-0.158426,0.381531,0.097059,0.905491,4.547599,-46.195012,-162.092148
52898,NaN,6.367362,0.363025,6.670650,0.338441,0.282519,-0.594320,-0.071098,0.073829,-0.009753,-0.158252,0.381249,0.096773,0.905671,4.522494,-46.153738,-162.104651
52899,NaN,6.665225,0.701532,6.333940,0.033695,-0.199020,-0.593392,-0.019586,0.119304,-0.032599,-0.158089,0.380709,0.096726,0.905932,4.538510,-46.085460,-162.133983
52900,NaN,6.186199,0.825717,6.323021,0.376099,-0.216845,-0.938963,-0.007454,0.122382,-0.050488,-0.157875,0.380136,0.096767,0.906205,4.571658,-46.014599,-162.176777
52901,NaN,6.393803,0.799522,6.436711,0.294225,-0.200529,-0.711896,0.019185,0.065264,-0.078839,-0.157553,0.379784,0.097026,0.906381,4.639495,-45.974553,-162.247054
52902,NaN,6.359299,0.818921,6.599824,0.426660,-0.156625,-0.622343,0.001388,-0.022895,-0.095865,-0.157080,0.379840,0.097309,0.906410,4.711313,-45.984471,-162.336631
52903,NaN,6.729106,0.721093,6.578626,0.134384,-0.139244,-0.376497,0.005177,-0.091555,-0.129196,-0.156414,0.380198,0.097725,0.906330,4.809462,-46.033032,-162.460921
52904,NaN,7.033650,0.757983,6.542307,-0.075119,-0.234803,-0.180047,0.012333,-0.071256,-0.140568,-0.155736,0.380442,0.098180,0.906295,4.916656,-46.068183,-162.590816
52905,NaN,6.722605,0.813244,6.638087,0.213991,-0.180401,-0.334257,0.004753,-0.039881,-0.147708,-0.155020,0.380552,0.098584,0.906328,5.021793,-46.085394,-162.725022
52906,NaN,6.721143,0.977760,6.611168,0.254802,-0.329426,-0.343587,0.010076,-0.042996,-0.137614,-0.154365,0.380671,0.099001,0.906344,5.124733,-46.104235,-162.850711
52907,NaN,7.195874,1.202018,6.891668,0.203617,-0.541982,0.206560,-0.002924,-0.021094,-0.097946,-0.153862,0.380717,0.099272,0.906381,5.197413,-46.112117,-162.944645
52908,NaN,7.991317,0.758890,7.345654,-0.182764,-0.148490,1.065742,-0.030371,-0.006265,-0.077597,-0.153420,0.380731,0.099362,0.906440,5.239693,-46.112908,-163.018284
52909,NaN,8.195628,0.190184,7.253836,-0.584562,0.318925,1.113391,-0.034296,0.050718,-0.099187,-0.152891,0.380482,0.099432,0.906626,5.289950,-46.080392,-163.106913
52910,NaN,7.145669,0.496481,7.198051,0.177831,0.231929,0.337859,-0.086896,0.023340,-0.117802,-0.152173,0.380384,0.099320,0.906800,5.321950,-46.062084,-163.211299
52911,NaN,7.302847,0.429890,6.897585,-0.151179,0.177711,0.239109,-0.099655,-0.002113,-0.150457,-0.151261,0.380399,0.099230,0.906956,5.367653,-46.057017,-163.345832
52912,NaN,7.393109,0.390457,6.798745,-0.293509,0.172617,0.233083,-0.074071,0.020704,-0.131336,-0.150505,0.380297,0.099204,0.907128,5.415069,-46.039377,-163.461463
52913,NaN,7.217780,0.307944,6.691713,-0.280753,0.257758,0.027279,-0.074240,0.024978,-0.125968,-0.149767,0.380173,0.099167,0.907306,5.459953,-46.018966,-163.573758
52914,NaN,6.834570,0.616281,6.635155,0.040034,0.032253,-0.267333,-0.090559,0.016309,-0.142137,-0.148929,0.380096,0.099089,0.907485,5.504415,-46.003114,-163.698487
52915,NaN,6.612718,0.720328,6.753302,0.299337,0.017900,-0.338297,-0.085346,-0.022172,-0.155487,-0.148014,0.380178,0.099091,0.907600,5.562666,-46.007728,-163.838269
52916,NaN,6.729525,0.947009,6.915830,0.407788,-0.161673,-0.126636,-0.082031,-0.077594,-0.178736,-0.146979,0.380503,0.099192,0.907621,5.639099,-46.043195,-164.000602
52917,NaN,7.098868,1.112723,6.986210,0.268894,-0.355989,0.199313,-0.078723,-0.110568,-0.192607,-0.145853,0.380976,0.099359,0.907586,5.729004,-46.097503,-164.180007
52918,NaN,7.306069,1.222552,6.960661,0.155994,-0.492459,0.339022,-0.074559,-0.108823,-0.206592,-0.144690,0.381422,0.099569,0.907562,5.828619,-46.148816,-164.368295
52919,NaN,7.311280,1.312687,6.915895,0.156591,-0.576445,0.318983,-0.064234,-0.090799,-0.223656,-0.143465,0.381778,0.099843,0.907576,5.943782,-46.189512,-164.571048
52920,NaN,7.335455,1.413718,6.798849,0.097216,-0.694530,0.264019,-0.059270,-0.069615,-0.233000,-0.142230,0.382021,0.100145,0.907635,6.065988,-46.216386,-164.778247
52921,NaN,7.648116,1.467236,6.744035,-0.132458,-0.802634,0.457010,-0.071021,-0.036853,-0.236232,-0.140968,0.382126,0.100371,0.907763,6.181078,-46.224613,-164.985957
52922,NaN,7.547562,1.496995,6.654867,-0.121771,-0.825850,0.326202,-0.092693,0.027355,-0.237042,-0.139700,0.381949,0.100459,0.908024,6.280391,-46.195438,-165.187947
52923,NaN,7.276436,1.459839,6.652018,0.033365,-0.734290,0.126461,-0.099102,0.080394,-0.236270,-0.138435,0.381542,0.100480,0.908386,6.372558,-46.136720,-165.386271
52924,NaN,7.038671,1.461962,6.627193,0.160976,-0.694659,-0.061204,-0.091432,0.118453,-0.231554,-0.137238,0.380952,0.100500,0.908813,6.462608,-46.055572,-165.574786
52925,NaN,6.925897,1.433662,6.620158,0.204147,-0.644434,-0.148686,-0.089227,0.146766,-0.233115,-0.136049,0.380231,0.100511,0.909292,6.552373,-45.958097,-165.761981
52926,NaN,6.749419,1.410665,6.484332,0.204149,-0.625830,-0.370346,-0.077819,0.179289,-0.237110,-0.134883,0.379351,0.100562,0.909828,6.648155,-45.841541,-165.948242
52927,NaN,6.483218,1.351617,6.398296,0.286531,-0.543349,-0.624662,-0.060982,0.160800,-0.239414,-0.133722,0.378547,0.100703,0.910318,6.755484,-45.735798,-166.138404
52928,NaN,6.378538,1.356858,6.281909,0.264124,-0.554748,-0.778770,-0.038740,0.093765,-0.258818,-0.132488,0.378017,0.101029,0.910683,6.890886,-45.665916,-166.349370
52929,NaN,6.511713,1.349544,6.283006,0.159281,-0.555712,-0.682209,-0.024265,0.022191,-0.283378,-0.131126,0.377791,0.101516,0.910920,7.054074,-45.634787,-166.588104
52930,NaN,6.513256,1.264371,6.285654,0.125252,-0.456401,-0.685445,-0.023029,-0.044974,-0.322814,-0.129559,0.377848,0.102126,0.911052,7.245046,-45.638377,-166.864438
52931,NaN,6.513986,1.285964,6.280516,0.125052,-0.454729,-0.685359,0.001822,-0.116921,-0.360724,-0.127815,0.378198,0.102972,0.911058,7.479659,-45.679546,-167.181817
52932,NaN,6.626924,1.329494,6.288678,0.067802,-0.482030,-0.593462,0.017746,-0.165912,-0.402327,-0.125900,0.378736,0.103995,0.910985,7.750243,-45.744210,-167.536375
52933,NaN,6.783615,1.340610,6.341478,0.001911,-0.467478,-0.441969,0.032645,-0.179345,-0.426283,-0.123885,0.379316,0.105141,0.910888,8.046309,-45.813923,-167.914657
52934,NaN,6.802289,1.403909,6.378818,0.034140,-0.483582,-0.394816,0.043808,-0.148539,-0.447770,-0.121821,0.379731,0.106357,0.910853,8.358690,-45.862479,-168.305903
52935,NaN,6.784561,1.482701,6.370896,0.061367,-0.521417,-0.403052,0.048084,-0.099899,-0.462763,-0.119707,0.379914,0.107596,0.910911,8.680283,-45.880967,-168.706441
52936,NaN,6.956220,1.516500,6.267882,-0.123500,-0.569580,-0.345094,0.057330,-0.037864,-0.487670,-0.117545,0.379790,0.108881,0.911092,9.014507,-45.860278,-169.117110
52937,NaN,6.917882,1.652955,6.128387,-0.167590,-0.696567,-0.451436,0.063016,0.065603,-0.532087,-0.115238,0.379167,0.110217,0.911485,9.368240,-45.775470,-169.550957
52938,NaN,6.610877,1.673669,6.058628,-0.023919,-0.660721,-0.714636,0.074479,0.140988,-0.555608,-0.112894,0.378175,0.111604,0.912021,9.732276,-45.643761,-169.990672
52939,NaN,6.495543,1.644960,6.103713,0.045326,-0.570023,-0.766909,0.076528,0.182684,-0.586179,-0.110429,0.376976,0.113034,0.912643,10.109091,-45.483981,-170.448075
52940,NaN,6.433201,1.586260,6.265123,0.144718,-0.422242,-0.704745,0.096025,0.175803,-0.613869,-0.107878,0.375774,0.114607,0.913248,10.510014,-45.322615,-170.924567
52941,NaN,6.414423,1.577876,6.345158,0.177091,-0.346929,-0.661534,0.116016,0.105128,-0.639583,-0.105193,0.374871,0.116359,0.913711,10.942862,-45.196435,-171.431339
52942,NaN,6.463524,1.577109,6.338966,0.114926,-0.304807,-0.628976,0.139094,-0.027925,-0.689004,-0.102259,0.374524,0.118375,0.913927,11.428398,-45.136133,-171.994304
52943,NaN,6.508426,1.684497,6.320238,0.086752,-0.360336,-0.592878,0.155090,-0.152788,-0.742441,-0.099020,0.374713,0.120629,0.913911,11.968147,-45.137220,-172.621725
52944,NaN,6.468877,1.696382,6.382493,0.153723,-0.286206,-0.573943,0.158521,-0.275247,-0.800753,-0.095460,0.375408,0.123063,0.913680,12.556802,-45.194344,-173.314406
52945,NaN,6.590907,1.733809,6.481741,0.148440,-0.231661,-0.411466,0.168664,-0.394763,-0.844760,-0.091633,0.376613,0.125686,0.913219,13.194844,-45.307716,-174.067432
52946,NaN,6.934388,1.805145,6.537159,-0.023650,-0.230009,-0.116053,0.170651,-0.476644,-0.871771,-0.087642,0.378161,0.128398,0.912594,13.862784,-45.456706,-174.859146
52947,NaN,7.203976,1.900000,6.545304,-0.165978,-0.251249,0.099779,0.165976,-0.478040,-0.890559,-0.083542,0.379703,0.131125,0.911950,14.544716,-45.598007,-175.672652
52948,NaN,7.316442,1.946759,6.442705,-0.288696,-0.248608,0.121241,0.144861,-0.409183,-0.893599,-0.079442,0.380920,0.133726,0.911431,15.208727,-45.693306,-176.475970
52949,NaN,7.434293,1.998202,6.413816,-0.372422,-0.230297,0.197624,0.123409,-0.306394,-0.875047,-0.075442,0.381687,0.136153,0.911091,15.837405,-45.728976,-177.246465
52950,NaN,7.319889,2.119946,6.373387,-0.295258,-0.278225,0.113539,0.113763,-0.193739,-0.870267,-0.071532,0.381933,0.138478,0.910952,16.438618,-45.697028,-177.986030
52951,NaN,7.056745,2.131995,6.250675,-0.205450,-0.249511,-0.153022,0.118232,-0.100615,-0.854622,-0.067762,0.381762,0.140757,0.910963,17.016464,-45.611937,-178.690544
52952,NaN,6.960519,2.151922,6.208898,-0.182298,-0.212911,-0.244456,0.118696,-0.028712,-0.835439,-0.064132,0.381264,0.142975,0.911089,17.568638,-45.485242,-179.359532
52953,NaN,7.021273,2.148990,6.286414,-0.198980,-0.122147,-0.149327,0.126160,0.035045,-0.821463,-0.060626,0.380477,0.145176,0.911310,18.102038,-45.321859,-179.997912
52954,NaN,6.960934,1.990379,6.331242,-0.190900,0.105832,-0.197449,0.129847,0.074044,-0.815914,-0.057178,0.379508,0.147371,0.911585,18.623420,-45.134083,179.381771
52955,NaN,6.878503,1.845701,6.397600,-0.148748,0.327278,-0.246076,0.152125,0.058352,-0.833444,-0.053673,0.378593,0.149701,0.911798,19.165843,-44.948508,178.747233
52956,NaN,6.818659,1.713693,6.474584,-0.107512,0.543215,-0.270988,0.188639,-0.013142,-0.849389,-0.050117,0.377966,0.152246,0.911839,19.746376,-44.793142,178.086949
52957,NaN,6.912674,1.707839,6.527435,-0.157890,0.640451,-0.175593,0.218361,-0.091964,-0.881305,-0.046417,0.377667,0.154993,0.911696,20.370805,-44.670137,177.385889
52958,NaN,6.831796,1.737812,6.425824,-0.174338,0.655950,-0.298307,0.247501,-0.176325,-0.916512,-0.042538,0.377702,0.157965,0.911361,21.045748,-44.578440,176.636345
52959,NaN,6.869076,1.903958,6.373437,-0.208848,0.567304,-0.269947,0.271844,-0.241252,-0.946156,-0.038518,0.378004,0.161108,0.910864,21.760297,-44.509903,175.848271
52960,NaN,6.858245,2.012006,6.296267,-0.234790,0.528041,-0.305213,0.301235,-0.270103,-0.965531,-0.034441,0.378397,0.164428,0.910271,22.506351,-44.444157,175.039215
52961,NaN,6.899015,2.129189,6.189568,-0.315401,0.476658,-0.319888,0.325839,-0.271499,-0.977213,-0.030354,0.378780,0.167874,0.909628,23.270311,-44.369928,174.222978
52962,NaN,6.894420,2.307556,6.083288,-0.355084,0.365924,-0.346772,0.330419,-0.237984,-0.974344,-0.026317,0.378992,0.171330,0.909021,24.025401,-44.270064,173.422654
52963,NaN,6.735034,2.496843,6.021084,-0.256661,0.245051,-0.446696,0.327466,-0.206380,-0.964390,-0.022343,0.379074,0.174737,0.908444,24.762682,-44.150323,172.642757
52964,NaN,6.745341,2.688024,6.052522,-0.218543,0.165549,-0.363755,0.320413,-0.181357,-0.937579,-0.018502,0.379041,0.178061,0.907898,25.472953,-44.015368,171.895202
52965,NaN,6.729831,2.829363,6.112847,-0.152830,0.137437,-0.293234,0.310808,-0.161030,-0.896822,-0.014856,0.378950,0.181246,0.907373,26.146269,-43.874706,171.189891
52966,NaN,6.789214,2.965003,6.355245,-0.018147,0.182947,-0.053617,0.306728,-0.150950,-0.855045,-0.011390,0.378837,0.184340,0.906847,26.792405,-43.732605,170.519869
52967,NaN,6.923344,2.941524,6.429553,-0.076198,0.327897,0.077234,0.302030,-0.152188,-0.822220,-0.008060,0.378770,0.187340,0.906296,27.416123,-43.596473,169.875582
52968,NaN,7.012404,2.849731,6.539878,-0.086198,0.543247,0.175392,0.298490,-0.166997,-0.793323,-0.004843,0.378771,0.190273,0.905707,28.024429,-43.468439,169.250301
52969,NaN,7.099009,2.722129,6.602623,-0.128293,0.775591,0.226337,0.308069,-0.199509,-0.792347,-0.001630,0.378927,0.193228,0.905028,28.640417,-43.354314,168.618730
52970,NaN,7.263494,2.562187,6.655162,-0.232700,1.049133,0.309511,0.325405,-0.248427,-0.801846,0.001653,0.379273,0.196293,0.904222,29.283334,-43.254944,167.962839
52971,NaN,7.350236,2.528081,6.682495,-0.275040,1.190150,0.364746,0.344603,-0.287693,-0.816970,0.004987,0.379778,0.199449,0.903307,29.948572,-43.166656,167.287558
52972,NaN,7.541506,2.520574,6.649501,-0.427140,1.307630,0.461085,0.371392,-0.290920,-0.841882,0.008405,0.380261,0.202789,0.902335,30.642640,-43.065653,166.593079
52973,NaN,7.654889,2.583832,6.691082,-0.464525,1.379793,0.575945,0.407617,-0.245537,-0.862583,0.011786,0.380513,0.206312,0.901391,31.348316,-42.931190,165.908964
52974,NaN,7.337820,2.764762,6.669617,-0.228514,1.248794,0.402928,0.433075,-0.206698,-0.879532,0.015170,0.380562,0.209995,0.900469,32.064346,-42.765345,165.230667
52975,NaN,6.970274,3.026215,6.320703,-0.175411,0.911515,0.027616,0.469180,-0.208265,-0.879965,0.018472,0.380620,0.213817,0.899483,32.793895,-42.595847,164.558990
52976,NaN,6.819489,3.512675,5.901939,-0.298068,0.382067,-0.146166,0.486966,-0.192777,-0.867863,0.021685,0.380602,0.217710,0.898484,33.522167,-42.414436,163.903853
52977,NaN,6.541638,3.855363,5.745244,-0.170995,0.049449,-0.292585,0.461739,-0.165464,-0.828983,0.024731,0.380497,0.221403,0.897547,34.204401,-42.227607,163.292289
52978,NaN,6.363483,3.991416,5.895527,0.072122,0.032646,-0.264089,0.433956,-0.184945,-0.765119,0.027574,0.380534,0.224853,0.896591,34.846523,-42.064391,162.715750
52979,NaN,6.629433,4.108204,6.197116,0.106701,0.184979,0.146470,0.403717,-0.219626,-0.731474,0.030355,0.380755,0.228090,0.895589,35.462902,-41.924611,162.149875
52980,NaN,6.835560,4.061134,6.435881,0.125523,0.447701,0.405999,0.345338,-0.280472,-0.709695,0.033227,0.381254,0.231015,0.894524,36.052852,-41.815211,161.572334
52981,NaN,6.929583,3.967341,6.633540,0.195696,0.710858,0.541954,0.353900,-0.316583,-0.700899,0.036082,0.381921,0.233951,0.893365,36.652670,-41.721216,160.986308
52982,NaN,6.973813,3.986586,6.652091,0.194410,0.793082,0.584904,0.338897,-0.371236,-0.701123,0.039031,0.382820,0.236806,0.892103,37.258650,-41.647360,160.377016
52983,NaN,7.126974,4.009174,6.681982,0.129654,0.905456,0.707715,0.341022,-0.410125,-0.703795,0.042030,0.383883,0.239664,0.890746,37.877152,-41.585618,159.750069
52984,NaN,7.249961,4.101884,6.554362,-0.013748,0.889744,0.749253,0.361002,-0.425871,-0.705462,0.045020,0.385010,0.242605,0.889316,38.511346,-41.525008,159.115793
52985,NaN,7.376688,4.238012,6.413092,-0.164366,0.835626,0.807014,0.403483,-0.409473,-0.701956,0.047889,0.386070,0.245727,0.887848,39.161471,-41.453237,158.493430
52986,NaN,7.453434,4.360764,6.193647,-0.339480,0.751274,0.782164,0.436290,-0.355706,-0.675575,0.050513,0.386923,0.248952,0.886432,39.801117,-41.361840,157.914276
52987,NaN,7.581660,4.578013,5.923414,-0.583884,0.578101,0.810441,0.443221,-0.248600,-0.653293,0.052884,0.387324,0.252185,0.885204,40.398610,-41.227375,157.403877
52988,NaN,7.281948,4.733146,5.599356,-0.587266,0.309212,0.499501,0.422408,-0.114566,-0.621438,0.054991,0.387160,0.255298,0.884255,40.925733,-41.042451,156.980533
52989,NaN,6.725565,4.899823,5.421832,-0.317258,0.003484,0.113877,0.392482,-0.019120,-0.583104,0.056857,0.386610,0.258225,0.883527,41.386358,-40.828482,156.631030
52990,NaN,6.035696,5.027140,5.465868,0.195764,-0.229343,-0.247843,0.342845,-0.015964,-0.534677,0.058607,0.386089,0.260838,0.882873,41.797015,-40.629157,156.312841
52991,NaN,5.856244,5.129788,5.628126,0.438982,-0.246162,-0.219327,0.303023,-0.084809,-0.503387,0.060378,0.385897,0.263191,0.882138,42.193066,-40.469870,155.981150
52992,NaN,6.020337,5.251992,5.967629,0.576761,-0.101953,0.142069,0.279484,-0.140682,-0.482566,0.062182,0.385969,0.265383,0.881325,42.584913,-40.340116,155.633866
52993,NaN,6.121860,5.211728,6.034261,0.553927,0.047583,0.224356,0.263527,-0.222028,-0.479944,0.064106,0.386394,0.267470,0.880369,42.991404,-40.244112,155.249267
52994,NaN,6.025909,5.232966,6.046912,0.643562,0.059891,0.179440,0.267018,-0.334129,-0.483601,0.066196,0.387304,0.269542,0.879182,43.437558,-40.190932,154.805474
52995,NaN,6.108484,5.261432,5.922561,0.521890,0.067913,0.177089,0.287775,-0.452930,-0.499984,0.068469,0.388717,0.271693,0.877721,43.939847,-40.178017,154.293093
52996,NaN,6.370941,5.381298,5.690189,0.214044,0.016313,0.280828,0.288353,-0.505341,-0.503582,0.070835,0.390349,0.273833,0.876142,44.461710,-40.181357,153.750555
52997,NaN,6.551457,5.487360,5.531339,0.015143,-0.016724,0.367073,0.287311,-0.474613,-0.504368,0.073155,0.391839,0.275976,0.874613,44.972184,-40.168457,153.225062
52998,NaN,6.816699,5.551290,5.441062,-0.199612,0.045544,0.523999,0.282804,-0.399211,-0.491207,0.075329,0.393011,0.278098,0.873229,45.449850,-40.126680,152.745781
52999,NaN,7.080680,5.545900,5.412524,-0.380396,0.192399,0.675707,0.289773,-0.298505,-0.468717,0.077240,0.393771,0.280241,0.872034,45.887646,-40.051228,152.334511
53000,NaN,7.323138,5.601156,5.430415,-0.515068,0.302463,0.870646,0.306797,-0.182868,-0.464104,0.078946,0.394038,0.282491,0.871034,46.292823,-39.929057,151.987845
53001,NaN,7.118822,5.612416,5.309854,-0.461418,0.228642,0.680450,0.296731,-0.078621,-0.462823,0.080508,0.393845,0.284732,0.870248,46.653287,-39.764906,151.701335
53002,NaN,6.587383,5.686160,5.227986,-0.159013,-0.003639,0.337797,0.312960,-0.028889,-0.434253,0.081852,0.393480,0.287007,0.869541,46.995145,-39.591449,151.457102
53003,NaN,6.036252,5.739212,5.324595,0.283338,-0.153945,0.067698,0.326228,0.016222,-0.410307,0.082989,0.392954,0.289308,0.868908,47.318870,-39.409834,151.252908
53004,NaN,5.774209,5.796445,5.428612,0.536683,-0.202409,-0.010600,0.266971,-0.050635,-0.393808,0.084278,0.392717,0.291290,0.868228,47.625557,-39.259762,151.020811
53005,NaN,5.751070,5.873209,5.527220,0.629209,-0.183536,0.071127,0.248786,-0.091826,-0.386733,0.085620,0.392657,0.293160,0.867495,47.931806,-39.128017,150.772826
53006,NaN,6.016482,5.953508,5.522027,0.453424,-0.105147,0.282772,0.226952,-0.121296,-0.366119,0.086970,0.392745,0.294880,0.866737,48.228740,-39.014901,150.518512
53007,NaN,6.106611,5.923835,5.536533,0.404651,0.003481,0.329887,0.214469,-0.153325,-0.348494,0.088302,0.392989,0.296496,0.865940,48.522412,-38.920897,150.258108
53008,NaN,6.109201,5.815425,5.576710,0.433079,0.153147,0.288304,0.222779,-0.239198,-0.342847,0.089733,0.393616,0.298098,0.864958,48.848778,-38.860315,149.952113
53009,NaN,6.241200,5.866492,5.508861,0.315741,0.178479,0.364941,0.251150,-0.328381,-0.354027,0.091276,0.394620,0.299802,0.863749,49.224520,-38.827290,149.593601
53010,NaN,6.512848,5.857284,5.424940,0.095316,0.304396,0.485513,0.261704,-0.396986,-0.364130,0.092957,0.395908,0.301538,0.862375,49.633694,-38.813159,149.190622
53011,NaN,6.707692,5.747071,5.333366,-0.081069,0.482916,0.493943,0.312473,-0.441540,-0.389163,0.094700,0.397369,0.303518,0.860817,50.094170,-38.802480,148.752591
53012,NaN,6.976146,5.863052,5.139977,-0.362845,0.472685,0.632688,0.359084,-0.401919,-0.428080,0.096467,0.398619,0.305792,0.859237,50.579099,-38.756975,148.317388
53013,NaN,7.309958,6.085054,4.964735,-0.668449,0.422948,0.887115,0.412627,-0.372610,-0.476603,0.098278,0.399687,0.308402,0.857601,51.096608,-38.676758,147.879103
53014,NaN,6.995297,6.303714,4.950172,-0.435351,0.178837,0.815266,0.291272,-0.200381,-0.427417,0.099866,0.400031,0.310475,0.856508,51.468295,-38.553729,147.561533
53015,NaN,6.393985,5.899628,4.568101,-0.349210,0.129284,0.006543,0.327840,-0.103611,-0.441046,0.101277,0.399953,0.312777,0.855542,51.827828,-38.389066,147.296690
53016,NaN,5.919870,6.108614,4.588116,-0.005083,-0.171959,-0.149302,0.317555,-0.047617,-0.416686,0.102527,0.399666,0.315013,0.854706,52.153684,-38.213925,147.075163
53017,NaN,5.523385,6.244262,4.429049,0.145069,-0.471228,-0.385503,0.273244,-0.013115,-0.375992,0.103623,0.399269,0.316993,0.854027,52.428263,-38.044764,146.895433
53018,NaN,5.488009,6.396772,4.653299,0.342901,-0.459613,-0.202216,0.237517,0.014089,-0.328004,0.104556,0.398813,0.318739,0.853476,52.659276,-37.886786,146.751872
53019,NaN,5.542640,6.372422,4.852420,0.447789,-0.288436,-0.086908,0.197026,0.037216,-0.276347,0.105297,0.398315,0.320218,0.853064,52.843276,-37.744428,146.647402
53020,NaN,5.750812,6.352390,5.092128,0.481296,-0.038766,0.143278,0.177183,0.037210,-0.250034,0.105980,0.397851,0.321561,0.852691,53.009034,-37.613356,146.553116
53021,NaN,5.991520,6.274020,5.063316,0.289047,0.143905,0.226958,0.168906,0.026271,-0.228056,0.106587,0.397459,0.322817,0.852323,53.166679,-37.496371,146.464949
53022,NaN,6.095482,6.298778,5.081328,0.232344,0.209250,0.314087,0.183333,-0.010761,-0.226749,0.107236,0.397239,0.324112,0.851853,53.345649,-37.392005,146.354224
53023,NaN,6.128508,6.288894,4.860119,0.045766,0.159883,0.222342,0.205840,-0.064421,-0.227649,0.107914,0.397252,0.325475,0.851241,53.555202,-37.305690,146.214901
53024,NaN,6.247726,6.329585,4.822950,-0.051330,0.198729,0.302466,0.241525,-0.119175,-0.235791,0.108661,0.397507,0.326976,0.850452,53.806919,-37.233290,146.038661
53025,NaN,6.308731,6.367320,4.739113,-0.139797,0.194905,0.323603,0.253311,-0.177067,-0.239605,0.109481,0.398003,0.328501,0.849526,54.085408,-37.178431,145.829707
53026,NaN,6.328080,6.518978,4.670324,-0.175627,0.096358,0.400701,0.273570,-0.255867,-0.268798,0.110527,0.398799,0.330126,0.848387,54.411045,-37.135059,145.561024
53027,NaN,6.438769,6.530426,4.424192,-0.411225,0.062977,0.361026,0.232161,-0.306742,-0.266824,0.111717,0.399785,0.331541,0.847214,54.729212,-37.108770,145.265852
53028,NaN,6.264115,6.560462,4.276528,-0.385804,-0.068307,0.207983,0.226591,-0.268673,-0.281678,0.112931,0.400584,0.332982,0.846110,55.034883,-37.061216,144.985196
53029,NaN,6.366353,6.624552,4.282709,-0.429504,-0.028047,0.315065,0.180858,-0.194723,-0.285457,0.114113,0.401031,0.334277,0.845228,55.287621,-36.987127,144.749377
53030,NaN,6.284939,6.554524,4.455244,-0.246041,0.103312,0.298700,0.140746,-0.089923,-0.261454,0.115114,0.401056,0.335413,0.844631,55.474570,-36.888976,144.583476
53031,NaN,6.152281,6.579204,4.547159,-0.089286,0.096952,0.276698,0.128668,-0.027031,-0.239197,0.115926,0.400841,0.336489,0.844194,55.625565,-36.781104,144.466358
53032,NaN,5.975340,6.620619,4.587354,0.055173,0.029690,0.216127,0.124815,0.022232,-0.207361,0.116542,0.400472,0.337513,0.843875,55.749592,-36.671622,144.389593
53033,NaN,6.031336,6.656458,4.575951,0.006421,0.047245,0.268109,0.115465,0.058471,-0.174784,0.116964,0.399996,0.338452,0.843666,55.846580,-36.566330,144.349707
53034,NaN,6.202706,6.689945,4.616653,-0.079072,0.142114,0.410616,0.100076,0.064647,-0.134517,0.117250,0.399556,0.339250,0.843515,55.923577,-36.477561,144.327780
53035,NaN,6.284281,6.661534,4.570681,-0.173990,0.196392,0.419150,0.094974,0.036314,-0.108690,0.117470,0.399271,0.339957,0.843334,56.000483,-36.410697,144.301895
53036,NaN,6.231853,6.554721,4.550180,-0.163672,0.256866,0.307180,0.095994,-0.023975,-0.095523,0.117750,0.399268,0.340607,0.843034,56.096738,-36.368769,144.243498
53037,NaN,6.136959,6.469253,4.544724,-0.105761,0.290746,0.190926,0.136740,-0.128354,-0.120350,0.118216,0.399682,0.341416,0.842445,56.257806,-36.348796,144.115865
53038,NaN,5.931046,6.442664,4.647959,0.120899,0.286791,0.096490,0.192687,-0.271182,-0.153215,0.118968,0.400678,0.342441,0.841450,56.509517,-36.357482,143.888623
53039,NaN,5.424024,5.833861,4.567747,0.380435,0.492637,-0.651328,0.401949,-0.598363,-0.244252,0.120228,0.403012,0.344331,0.839382,57.017177,-36.424667,143.432941
53040,NaN,5.959472,7.210879,3.827228,-0.376941,-0.569122,0.271627,0.362127,-0.569043,-0.276837,0.121668,0.405140,0.346133,0.837407,57.500791,-36.463281,142.979229
53041,NaN,5.681199,6.919270,3.717923,-0.262919,-0.500200,-0.135098,0.213451,-0.539146,-0.203555,0.123034,0.407171,0.347177,0.835788,57.871821,-36.526097,142.572827
53042,NaN,5.647718,6.548677,3.494123,-0.407815,-0.317641,-0.500148,0.288518,-0.400915,-0.218629,0.124083,0.408644,0.348649,0.834300,58.240867,-36.536961,142.241667
53043,NaN,5.651326,7.101182,3.798312,-0.110829,-0.540945,0.010066,0.136913,-0.212329,-0.140129,0.124769,0.409368,0.349443,0.833511,58.436653,-36.528727,142.056610
53044,NaN,5.924534,6.774639,3.927292,-0.199239,-0.088702,0.004231,0.101101,-0.083778,-0.083463,0.125084,0.409635,0.350051,0.833077,58.553598,-36.508628,141.968538
53045,NaN,6.064655,6.749206,4.191557,-0.082707,0.138976,0.181051,0.081367,0.016006,-0.059013,0.125147,0.409514,0.350590,0.832901,58.616913,-36.471204,141.952542
53046,NaN,6.083407,6.707797,4.284432,-0.029047,0.233374,0.202472,0.087375,0.108504,-0.045472,0.124995,0.409038,0.351183,0.832907,58.647986,-36.412175,141.995635
53047,NaN,5.970460,6.734627,4.323627,0.067137,0.187132,0.170088,0.103889,0.172013,-0.051501,0.124706,0.408294,0.351897,0.833014,58.666253,-36.331920,142.077293
53048,NaN,5.858764,6.768061,4.341329,0.143105,0.127753,0.134276,0.108681,0.209448,-0.065063,0.124415,0.407376,0.352681,0.833176,58.677669,-36.233254,142.174396
53049,NaN,5.704712,6.780914,4.320580,0.213995,0.045284,0.043483,0.120905,0.197692,-0.085170,0.124186,0.406474,0.353550,0.833282,58.704057,-36.128922,142.259182
53050,NaN,5.666963,6.796003,4.266055,0.188267,0.005553,0.008914,0.157421,0.135607,-0.102975,0.124083,0.405826,0.354567,0.833181,58.778302,-36.033737,142.297487
53051,NaN,5.759138,6.833641,4.183050,0.065256,0.003181,0.054426,0.177288,0.054006,-0.119642,0.124136,0.405495,0.355650,0.832873,58.895680,-35.955276,142.282832
53052,NaN,5.753347,6.838339,3.938068,-0.114145,-0.099533,-0.047993,0.229114,-0.045731,-0.138474,0.124358,0.405582,0.356925,0.832252,59.082947,-35.896322,142.198662
53053,NaN,5.708329,7.055975,3.654624,-0.276105,-0.391841,-0.040366,0.198064,-0.058546,-0.133993,0.124630,0.405707,0.358052,0.831666,59.255037,-35.843730,142.110795
53054,NaN,5.457617,6.944309,3.562418,-0.186659,-0.458536,-0.301920,0.200860,-0.093574,-0.128972,0.124955,0.405991,0.359159,0.831001,59.440681,-35.803009,142.001529
53055,NaN,5.253452,7.003349,3.492746,-0.094868,-0.613967,-0.407426,0.187824,-0.087451,-0.124017,0.125255,0.406244,0.360205,0.830379,59.614659,-35.763323,141.900457
53056,NaN,5.210909,7.111775,3.694858,0.104552,-0.591047,-0.272111,0.151998,-0.080072,-0.105857,0.125558,0.406482,0.361069,0.829841,59.762333,-35.729605,141.808062
53057,NaN,5.497025,7.147547,3.891830,0.082720,-0.357084,0.001419,0.135102,-0.043410,-0.082679,0.125718,0.406594,0.361839,0.829427,59.881735,-35.697187,141.748454
53058,NaN,5.794728,7.163653,4.217830,0.147440,-0.041688,0.319608,0.105958,0.018816,-0.058428,0.125739,0.406478,0.362477,0.829202,59.957815,-35.658283,141.733431
53059,NaN,6.004549,7.108384,4.289838,0.062706,0.149805,0.432314,0.077103,0.080438,-0.042276,0.125623,0.406113,0.363002,0.829169,59.991440,-35.610265,141.763952
53060,NaN,6.034564,7.127183,4.274230,0.028379,0.152947,0.456565,0.078875,0.111336,-0.038034,0.125447,0.405632,0.363545,0.829193,60.014905,-35.554961,141.812650
53061,NaN,5.891327,7.139439,4.226664,0.079057,0.057111,0.362502,0.075837,0.105897,-0.038910,0.125275,0.405167,0.364073,0.829215,60.038158,-35.501330,141.859769
53062,NaN,5.809635,7.162281,4.216894,0.121116,0.004258,0.327216,0.071410,0.075206,-0.051211,0.125234,0.404807,0.364588,0.829170,60.072890,-35.449854,141.881810
53063,NaN,5.727033,7.089596,4.233381,0.178249,0.032683,0.234698,0.081482,0.015214,-0.064921,0.125322,0.404672,0.365136,0.828982,60.136703,-35.409262,141.864737
53064,NaN,5.799121,7.032685,4.200051,0.104188,0.105431,0.222595,0.106411,-0.048850,-0.078243,0.125548,0.404799,0.365773,0.828605,60.240733,-35.379725,141.801802
53065,NaN,5.926498,6.973437,4.169960,0.002039,0.212704,0.241938,0.141731,-0.104352,-0.092952,0.125850,0.405147,0.366551,0.828045,60.386862,-35.359016,141.702010
53066,NaN,5.667345,6.784680,4.058102,0.079782,0.180543,-0.087471,0.234203,-0.184528,-0.134501,0.126299,0.405811,0.367745,0.827121,60.623186,-35.339415,141.536897
53067,NaN,5.780399,6.607412,3.895627,-0.106229,0.317772,-0.214028,0.460945,-0.339107,-0.225297,0.126933,0.407085,0.369961,0.825408,61.061455,-35.317240,141.247968
53068,NaN,5.773520,7.800621,3.469970,-0.293041,-0.690330,0.466485,0.227855,-0.168485,-0.146740,0.127414,0.407654,0.371160,0.824515,61.290496,-35.285488,141.088971
53069,NaN,5.432519,7.320437,3.311111,-0.227937,-0.589618,-0.134626,0.152952,-0.142343,-0.080728,0.127710,0.408183,0.371933,0.823858,61.453658,-35.279890,140.970782
53070,NaN,5.411390,7.160615,3.408442,-0.144203,-0.423620,-0.222340,0.147731,-0.050716,-0.063230,0.127791,0.408369,0.372706,0.823404,61.578463,-35.257244,140.912674
53071,NaN,5.671011,7.306493,3.696936,-0.067047,-0.228786,0.145008,0.132442,-0.010895,-0.055966,0.127782,0.408389,0.373428,0.823068,61.678246,-35.227871,140.883900
53072,NaN,5.834859,7.371200,3.856084,-0.039153,-0.096529,0.347957,0.078858,0.022833,-0.019809,0.127687,0.408309,0.373876,0.822920,61.728957,-35.206999,140.885771
53073,NaN,5.746890,7.334373,3.956102,0.090873,-0.058187,0.309510,0.065679,0.040116,-0.015251,0.127553,0.408153,0.374272,0.822838,61.764531,-35.184254,140.901929
53074,NaN,5.729763,7.264487,3.936125,0.079478,-0.021693,0.241627,0.072324,0.043572,-0.031956,0.127483,0.407960,0.374731,0.822736,61.806420,-35.151633,140.912620
53075,NaN,5.543091,7.191369,3.860348,0.132871,-0.097736,0.052236,0.078063,0.021019,-0.042320,0.127471,0.407839,0.375221,0.822574,61.860990,-35.120407,140.908177
53076,NaN,5.417942,7.131314,3.820190,0.177651,-0.130711,-0.078473,0.096031,-0.017796,-0.063492,0.127597,0.407854,0.375802,0.822282,61.944215,-35.088425,140.870626
53077,NaN,5.509001,7.159426,3.855574,0.154942,-0.071376,0.007842,0.104673,-0.083866,-0.075725,0.127865,0.408119,0.376402,0.821834,62.057586,-35.068443,140.790283
53078,NaN,5.582490,7.050694,3.804039,0.068512,0.031128,-0.048390,0.142662,-0.154085,-0.091489,0.128268,0.408671,0.377144,0.821156,62.221118,-35.058645,140.659411
53079,NaN,5.686714,7.132630,3.637420,-0.102030,-0.035830,0.007302,0.184458,-0.197066,-0.103708,0.128700,0.409397,0.378056,0.820307,62.425541,-35.054246,140.500218
53080,NaN,5.740600,7.331893,3.559260,-0.159901,-0.162075,0.153635,0.147154,-0.192559,-0.098790,0.129195,0.410094,0.378805,0.819535,62.606643,-35.050205,140.343198
53081,NaN,5.933958,7.319221,3.340283,-0.437980,-0.146386,0.173656,0.122781,-0.136973,-0.084008,0.129559,0.410571,0.379462,0.818935,62.750643,-35.039191,140.227613
53082,NaN,5.903095,7.234818,3.404599,-0.368628,-0.056762,0.119145,0.095502,-0.061802,-0.067173,0.129783,0.410758,0.380018,0.818548,62.849545,-35.016381,140.162150
53083,NaN,5.870587,7.244214,3.443667,-0.314261,-0.048525,0.122107,0.077046,0.028637,-0.051332,0.129792,0.410589,0.380527,0.818395,62.902103,-34.978463,140.160226
53084,NaN,5.733716,7.229362,3.568563,-0.136674,-0.036539,0.079420,0.068815,0.112078,-0.053261,0.129683,0.410073,0.381059,0.818424,62.921048,-34.917279,140.207520
53085,NaN,5.623760,7.115754,3.683092,0.001841,0.049781,-0.023749,0.059833,0.145646,-0.048269,0.129491,0.409419,0.381566,0.818545,62.921553,-34.850416,140.279371
53086,NaN,5.487912,7.104874,3.788797,0.159227,0.048424,-0.069808,0.061044,0.137668,-0.050674,0.129339,0.408798,0.382077,0.818641,62.926619,-34.783887,140.343330
53087,NaN,5.388938,7.100551,3.799098,0.222160,0.013546,-0.125475,0.067312,0.097889,-0.064398,0.129289,0.408312,0.382617,0.818639,62.951384,-34.721278,140.380416
53088,NaN,5.321189,7.147844,3.770503,0.243335,-0.057777,-0.140002,0.077318,0.046688,-0.083981,0.129413,0.408010,0.383202,0.818496,63.004048,-34.661481,140.377332
53089,NaN,5.198144,7.153443,3.796436,0.340159,-0.099221,-0.196046,0.086362,-0.008782,-0.105675,0.129696,0.407894,0.383835,0.818213,63.084714,-34.605548,140.335425
53090,NaN,5.292323,7.140312,3.773865,0.264697,-0.036516,-0.160569,0.110007,-0.091463,-0.116889,0.130153,0.408114,0.384532,0.817703,63.210540,-34.564676,140.236438
53091,NaN,5.431933,7.253929,3.725248,0.159219,-0.045107,-0.015982,0.141588,-0.161911,-0.127779,0.130710,0.408617,0.385335,0.816984,63.380574,-34.536625,140.092519
53092,NaN,5.536086,7.059205,3.729609,0.093528,0.166653,-0.099089,0.205252,-0.267712,-0.137564,0.131396,0.409578,0.386347,0.815915,63.626514,-34.529699,139.877782
53093,NaN,5.395864,6.537812,3.765807,0.187133,0.497462,-0.552190,0.491179,-0.421392,-0.230588,0.132156,0.411167,0.388613,0.813914,64.106215,-34.513044,139.540744
53094,NaN,6.139424,7.972469,3.329671,-0.431143,-0.236292,0.774925,0.393085,-0.257393,-0.193841,0.132664,0.412095,0.390507,0.812454,64.465468,-34.472087,139.315735
53095,NaN,6.342615,7.963368,3.296741,-0.562733,-0.103975,0.873049,0.174124,-0.125134,-0.091260,0.132932,0.412535,0.391389,0.811763,64.634166,-34.451262,139.206770
53096,NaN,6.074990,7.394323,3.319391,-0.431828,0.153827,0.306093,0.084897,0.041492,-0.027695,0.132815,0.412368,0.391885,0.811627,64.682334,-34.421837,139.219297
53097,NaN,6.011247,7.297948,3.392224,-0.348126,0.228289,0.223697,0.077707,0.121391,-0.016548,0.132495,0.411889,0.392385,0.811682,64.695625,-34.379164,139.287571
53098,NaN,5.912648,7.376702,3.294397,-0.360076,0.077315,0.191939,0.079183,0.184043,-0.013080,0.132051,0.411167,0.392922,0.811860,64.687618,-34.322400,139.393876
53099,NaN,5.617145,7.372261,3.379778,-0.118408,-0.028600,0.051926,0.074502,0.202821,-0.014494,0.131569,0.410359,0.393458,0.812088,64.670166,-34.260841,139.513614
53100,NaN,5.396368,7.353692,3.473550,0.081425,-0.079761,-0.053070,0.070852,0.180739,-0.021686,0.131183,0.409628,0.393976,0.812268,64.660273,-34.200389,139.615113
53101,NaN,5.226466,7.319587,3.520559,0.213484,-0.117984,-0.157267,0.057816,0.136249,-0.019068,0.130886,0.409070,0.394408,0.812387,64.657816,-34.152729,139.691431
53102,NaN,5.131186,7.365942,3.540700,0.288755,-0.182543,-0.168724,0.056987,0.098411,-0.034102,0.130741,0.408639,0.394841,0.812417,64.671156,-34.106032,139.737626
53103,NaN,5.075876,7.385007,3.585144,0.356819,-0.194162,-0.169499,0.046891,0.039379,-0.036019,0.130725,0.408432,0.395200,0.812349,64.699219,-34.073383,139.748625
53104,NaN,5.195673,7.417671,3.656614,0.339923,-0.106093,-0.052519,0.046236,-0.025532,-0.034830,0.130850,0.408496,0.395510,0.812146,64.749970,-34.056670,139.717112
53105,NaN,5.431625,7.391334,3.607583,0.154202,0.019462,0.042507,0.053176,-0.076501,-0.049176,0.131104,0.408738,0.395845,0.811820,64.824401,-34.045381,139.651586
53106,NaN,5.649147,7.493090,3.651195,0.066864,0.101110,0.255867,0.032879,-0.070425,-0.027523,0.131316,0.408990,0.396056,0.811556,64.881989,-34.043330,139.594174
53107,NaN,5.619227,7.382553,3.596037,0.036527,0.133579,0.136689,0.026362,-0.075830,-0.020517,0.131508,0.409269,0.396225,0.811302,64.936143,-34.046653,139.537415
53108,NaN,5.534086,7.221258,3.522698,0.021864,0.160890,-0.057909,0.056513,-0.079884,-0.039810,0.131739,0.409550,0.396550,0.810964,65.012598,-34.040414,139.470488
53109,NaN,5.803166,7.488979,3.248643,-0.323294,-0.003396,0.197841,0.109809,-0.034003,-0.078064,0.131910,0.409599,0.397202,0.810592,65.109155,-34.003618,139.423364
53110,NaN,5.829731,7.580107,3.514590,-0.125133,0.102314,0.374069,0.004313,0.060819,-0.001521,0.131814,0.409351,0.397330,0.810670,65.100083,-33.983216,139.455832
53111,NaN,5.835206,7.228439,3.437334,-0.232505,0.292826,0.085565,0.000790,0.110464,0.001733,0.131596,0.408900,0.397471,0.810864,65.070527,-33.953041,139.522639
53112,NaN,5.698756,7.304051,3.535792,-0.069889,0.223717,0.100529,0.013116,0.133196,-0.003162,0.131345,0.408361,0.397686,0.811071,65.041519,-33.914275,139.599904
53113,NaN,5.443012,7.354439,3.534897,0.089668,0.054482,-0.004597,0.010743,0.096664,-0.011738,0.131189,0.407946,0.397886,0.811207,65.024800,-33.880403,139.653997
53114,NaN,5.327466,7.347530,3.468282,0.106357,-0.035494,-0.097519,0.030155,0.056945,-0.027304,0.131152,0.407680,0.398168,0.811208,65.036175,-33.847511,139.676450
53115,NaN,5.232310,7.487708,3.450956,0.166752,-0.181117,-0.050960,0.029110,0.010215,-0.047935,0.131280,0.407556,0.398460,0.811106,65.066111,-33.815715,139.665675
53116,NaN,5.248160,7.573982,3.415647,0.138358,-0.240642,0.010651,0.024062,-0.010441,-0.050319,0.131483,0.407513,0.398720,0.810967,65.101165,-33.787147,139.639324
53117,NaN,5.148262,7.548695,3.392184,0.181733,-0.284217,-0.072025,0.017326,-0.054037,-0.040870,0.131733,0.407656,0.398907,0.810763,65.145488,-33.774504,139.590580
53118,NaN,5.238334,7.571786,3.454228,0.179225,-0.210905,0.017224,0.026696,-0.102034,-0.027752,0.132022,0.408030,0.399072,0.810446,65.210235,-33.779667,139.513520
53119,NaN,5.464013,7.582418,3.507439,0.086661,-0.061372,0.169264,0.026707,-0.136679,-0.013812,0.132307,0.408567,0.399187,0.810072,65.284265,-33.800801,139.421078
53120,NaN,5.517753,7.523973,3.520511,0.066587,0.018008,0.159524,0.021773,-0.155016,-0.007993,0.132632,0.409192,0.399256,0.809670,65.361571,-33.828762,139.316458
53121,NaN,5.640351,7.443805,3.589679,0.045092,0.178746,0.191092,0.034370,-0.153976,-0.002403,0.132892,0.409827,0.399367,0.809251,65.444508,-33.859675,139.215948
53122,NaN,5.841216,7.599577,3.562452,-0.075953,0.176328,0.411185,-0.003270,-0.075483,0.003367,0.133063,0.410136,0.399364,0.809068,65.477990,-33.874422,139.164362
53123,NaN,5.778726,7.367741,3.488984,-0.116805,0.252489,0.175951,-0.032563,0.001210,0.022071,0.133049,0.410147,0.399257,0.809117,65.464378,-33.881199,139.168449
53124,NaN,5.695199,7.308361,3.445923,-0.106714,0.220300,0.069716,-0.024667,0.069410,0.016661,0.132921,0.409882,0.399237,0.809283,65.432789,-33.868389,139.211625
53125,NaN,5.611569,7.356999,3.423077,-0.071788,0.128964,0.051937,-0.026813,0.092208,0.015668,0.132740,0.409515,0.399226,0.809503,65.391635,-33.850036,139.270901
53126,NaN,5.520101,7.388524,3.371792,-0.056398,0.029199,0.007025,-0.020315,0.099806,0.018388,0.132536,0.409133,0.399240,0.809723,65.351690,-33.830820,139.333595
53127,NaN,5.393024,7.416075,3.413286,0.053465,-0.037172,-0.028559,-0.020344,0.068157,0.018379,0.132378,0.408874,0.399234,0.809883,65.322238,-33.819659,139.378652
53128,NaN,5.306003,7.407458,3.402384,0.096150,-0.085590,-0.087270,-0.015227,0.023452,0.009418,0.132351,0.408787,0.399236,0.809931,65.313318,-33.813993,139.390879
53129,NaN,5.227132,7.416959,3.417285,0.158392,-0.125579,-0.118815,-0.003642,-0.028534,-0.006250,0.132453,0.408881,0.399284,0.809842,65.331189,-33.813094,139.368101
53130,NaN,5.218376,7.503828,3.428416,0.184126,-0.178154,-0.054241,-0.010136,-0.056184,-0.014152,0.132671,0.409072,0.399302,0.809701,65.356733,-33.814193,139.323639
53131,NaN,5.251354,7.469286,3.499607,0.217472,-0.096871,-0.037335,-0.014702,-0.095294,-0.023093,0.132999,0.409396,0.399296,0.809487,65.394253,-33.820258,139.253974
53132,NaN,5.389271,7.417646,3.531792,0.154928,0.032478,0.011477,-0.006105,-0.125365,-0.028795,0.133405,0.409840,0.399313,0.809187,65.448610,-33.830165,139.161913
53133,NaN,5.543076,7.436157,3.475712,0.024087,0.078872,0.091649,-0.003902,-0.142842,-0.033575,0.133846,0.410342,0.399340,0.808846,65.510565,-33.842111,139.059641
53134,NaN,5.662339,7.382423,3.327633,-0.164732,0.104470,0.066449,0.008427,-0.086267,-0.028783,0.134145,0.410637,0.399443,0.808596,65.559621,-33.842595,138.992091
53135,NaN,5.514762,7.406048,3.205583,-0.160948,-0.052326,-0.039804,0.001697,-0.022360,-0.017978,0.134273,0.410688,0.399541,0.808501,65.580459,-33.833948,138.969435
53136,NaN,5.534236,7.341395,3.198012,-0.186865,-0.001461,-0.080463,0.000347,0.030939,-0.009537,0.134276,0.410543,0.399650,0.808520,65.580833,-33.816666,138.980991
53137,NaN,5.701372,7.352591,3.253667,-0.251328,0.113476,0.040056,0.002035,0.089892,-0.001941,0.134112,0.410170,0.399791,0.808666,65.559837,-33.789826,139.033810
53138,NaN,5.726496,7.358225,3.290487,-0.245264,0.143519,0.070773,0.002505,0.143202,0.001876,0.133841,0.409595,0.399960,0.808919,65.520506,-33.751857,139.119036
53139,NaN,5.630683,7.338116,3.231585,-0.242304,0.072960,-0.018218,0.022792,0.184767,-0.005451,0.133459,0.408846,0.400256,0.809215,65.479056,-33.700561,139.230180
53140,NaN,5.365932,7.424936,3.214298,-0.089849,-0.134533,-0.105554,0.028620,0.193645,-0.013681,0.133096,0.408053,0.400596,0.809507,65.439854,-33.642380,139.342385
53141,NaN,5.179319,7.448663,3.171972,-0.011797,-0.271269,-0.205628,0.026889,0.158842,-0.025163,0.132837,0.407371,0.400931,0.809727,65.413246,-33.586972,139.431406
53142,NaN,5.054575,7.497092,3.240886,0.117591,-0.329002,-0.213917,0.021033,0.102356,-0.031179,0.132743,0.406907,0.401214,0.809835,65.404307,-33.541358,139.481326
53143,NaN,5.157522,7.567503,3.422786,0.193971,-0.216246,-0.040368,-0.003598,0.047167,-0.035013,0.132811,0.406639,0.401372,0.809881,65.400715,-33.507389,139.497359
53144,NaN,5.163305,7.492036,3.488298,0.228575,-0.125344,-0.071507,-0.005191,0.001978,-0.038087,0.132999,0.406549,0.401496,0.809833,65.412521,-33.482109,139.482552
53145,NaN,5.287266,7.528147,3.538479,0.191576,-0.049955,0.041744,-0.007256,-0.044814,-0.039769,0.133280,0.406641,0.401588,0.809696,65.439249,-33.467456,139.439743
53146,NaN,5.430104,7.422193,3.440454,0.016287,0.046769,0.006134,-0.000954,-0.073209,-0.024859,0.133557,0.406885,0.401653,0.809495,65.477283,-33.466954,139.381766
53147,NaN,5.506835,7.463972,3.454773,-0.012801,0.073807,0.085087,0.005167,-0.080859,-0.026851,0.133831,0.407156,0.401744,0.809268,65.521478,-33.467650,139.320234
53148,NaN,5.579962,7.492513,3.416224,-0.081644,0.078952,0.133739,0.000112,-0.068777,-0.024333,0.134095,0.407385,0.401814,0.809075,65.558511,-33.466301,139.265178
53149,NaN,5.676779,7.468657,3.424704,-0.136929,0.155172,0.171922,-0.006413,-0.030950,-0.022471,0.134271,0.407453,0.401882,0.808977,65.577746,-33.457534,139.236759
53150,NaN,5.707167,7.416054,3.346381,-0.223419,0.165874,0.121619,-0.012036,0.029049,-0.023072,0.134358,0.407280,0.401967,0.809008,65.573887,-33.433638,139.243239
53151,NaN,5.631211,7.380826,3.307633,-0.214065,0.128418,0.039482,-0.004225,0.078310,-0.028727,0.134340,0.406894,0.402129,0.809124,65.557784,-33.395279,139.280956
53152,NaN,5.496876,7.397825,3.294590,-0.143944,0.040057,-0.026194,0.011112,0.102646,-0.025377,0.134241,0.406434,0.402362,0.809256,65.542278,-33.352725,139.332729
53153,NaN,5.341101,7.426507,3.279277,-0.060099,-0.068298,-0.095396,0.019131,0.090919,-0.022921,0.134125,0.406026,0.402616,0.809354,65.534553,-33.314602,139.379840
53154,NaN,5.149793,7.450981,3.355397,0.118190,-0.142967,-0.155474,0.019258,0.040298,-0.023278,0.134126,0.405827,0.402835,0.809344,65.544832,-33.287926,139.393252
53155,NaN,5.089724,7.450934,3.370029,0.166730,-0.163200,-0.183338,0.024100,-0.011191,-0.026613,0.134219,0.405830,0.403048,0.809222,65.575631,-33.272377,139.375681
53156,NaN,5.157031,7.431939,3.423305,0.165513,-0.079975,-0.142428,0.027221,-0.075247,-0.026562,0.134450,0.406098,0.403228,0.808959,65.630533,-33.271346,139.316083
53157,NaN,5.237023,7.497867,3.564199,0.236126,0.004618,0.000169,0.035402,-0.114408,-0.034761,0.134761,0.406510,0.403434,0.808597,65.704610,-33.275912,139.231588
53158,NaN,5.228337,7.470693,3.472028,0.177071,-0.024536,-0.057188,0.045428,-0.165147,-0.042411,0.135201,0.407121,0.403660,0.808104,65.803231,-33.287622,139.111346
53159,NaN,5.361792,7.567381,3.493975,0.132389,0.008436,0.097121,0.059943,-0.195708,-0.041431,0.135654,0.407863,0.403923,0.807522,65.920198,-33.307248,138.974137
53160,NaN,5.481862,7.575340,3.446691,0.036110,0.053417,0.152857,0.044912,-0.234366,-0.028658,0.136179,0.408780,0.404070,0.806896,66.040370,-33.341902,138.814267
53161,NaN,5.732726,7.611556,3.348559,-0.177490,0.123699,0.285132,0.023956,-0.228175,-0.022801,0.136699,0.409664,0.404128,0.806331,66.145420,-33.378099,138.661344
53162,NaN,5.881679,7.623092,3.334972,-0.267929,0.197300,0.371467,0.002301,-0.140237,-0.010514,0.137047,0.410208,0.404130,0.805994,66.206185,-33.400021,138.565332
53163,NaN,5.880313,7.565413,3.345208,-0.259945,0.241393,0.330199,-0.025180,-0.051801,-0.004842,0.137233,0.410384,0.404071,0.805902,66.219255,-33.405140,138.528696
53164,NaN,5.843217,7.433730,3.269549,-0.310043,0.264178,0.183690,-0.025227,0.026498,0.002860,0.137246,0.410265,0.404049,0.805972,66.204599,-33.395491,138.541067
53165,NaN,5.728538,7.369424,3.197614,-0.305848,0.202619,0.047064,-0.006716,0.106404,-0.004092,0.137074,0.409817,0.404172,0.806167,66.173593,-33.364165,138.603629
53166,NaN,5.626688,7.384663,3.118353,-0.309987,0.093868,-0.024323,0.007975,0.167088,0.001123,0.136743,0.409149,0.404383,0.806457,66.129774,-33.321026,138.703688
53167,NaN,5.416113,7.368625,3.169000,-0.150621,0.014974,-0.135366,0.017456,0.194165,0.007516,0.136298,0.408387,0.404640,0.806789,66.080792,-33.275253,138.824286
53168,NaN,5.209752,7.365900,3.270922,0.048469,-0.041752,-0.216186,0.024623,0.161390,0.017355,0.135878,0.407786,0.404881,0.807043,66.046213,-33.241810,138.925113
53169,NaN,5.103064,7.446015,3.398106,0.216999,-0.082066,-0.170193,0.020765,0.095506,0.021701,0.135570,0.407453,0.405055,0.807176,66.031073,-33.226164,138.987570
53170,NaN,5.189164,7.507481,3.423551,0.187298,-0.059352,-0.067340,0.015359,0.034067,0.016895,0.135429,0.407358,0.405172,0.807189,66.035002,-33.222069,139.008522
53171,NaN,5.222599,7.570856,3.438643,0.185737,-0.071821,0.004543,0.011954,-0.007051,0.009467,0.135393,0.407409,0.405265,0.807122,66.051937,-33.224309,139.003557
53172,NaN,5.238641,7.595918,3.417842,0.165176,-0.088270,0.025397,0.005218,-0.048904,0.001781,0.135502,0.407612,0.405316,0.806976,66.080818,-33.231595,138.968369
53173,NaN,5.312997,7.578825,3.447178,0.143826,-0.018382,0.062966,0.005132,-0.087084,0.004331,0.135663,0.407971,0.405338,0.806757,66.122073,-33.249600,138.911834
53174,NaN,5.485973,7.581125,3.417882,0.019480,0.061824,0.149595,0.002530,-0.110231,0.005074,0.135888,0.408426,0.405330,0.806493,66.170022,-33.272780,138.839100
53175,NaN,5.414045,7.521189,3.239810,-0.070799,-0.033598,0.004155,0.007468,-0.122426,0.004162,0.136118,0.408927,0.405338,0.806196,66.224812,-33.298632,138.760267
53176,NaN,5.530416,7.584937,3.310389,-0.074469,0.031270,0.140649,0.005073,-0.106165,0.005647,0.136327,0.409368,0.405341,0.805935,66.272832,-33.321065,138.690152
53177,NaN,5.608547,7.507425,3.230151,-0.188421,0.081406,0.097357,-0.017658,-0.055525,0.014141,0.136433,0.409603,0.405273,0.805832,66.288878,-33.336687,138.655849
53178,NaN,5.616880,7.415348,3.241968,-0.193623,0.150019,0.035515,-0.027852,0.012952,0.018742,0.136415,0.409569,0.405198,0.805890,66.274994,-33.338503,138.664101
53179,NaN,5.595102,7.380430,3.313295,-0.132277,0.196318,0.020816,-0.035550,0.077983,0.019989,0.136265,0.409262,0.405136,0.806102,66.233551,-33.326081,138.715385
53180,NaN,5.542287,7.329954,3.281084,-0.136648,0.178459,-0.057681,-0.032123,0.130682,0.022231,0.136003,0.408757,0.405117,0.806412,66.176127,-33.302502,138.798460
53181,NaN,5.434733,7.335450,3.251387,-0.100452,0.096229,-0.122625,-0.014842,0.168949,0.023840,0.135610,0.408107,0.405192,0.806770,66.114810,-33.271093,138.907736
53182,NaN,5.341648,7.439439,3.365008,0.047316,0.038118,-0.055739,-0.007485,0.172274,0.019874,0.135223,0.407446,0.405305,0.807112,66.057713,-33.236475,139.016091
53183,NaN,5.283891,7.449282,3.442649,0.135554,0.040004,-0.053428,-0.023241,0.127368,0.017700,0.134954,0.406946,0.405330,0.807397,66.006939,-33.211511,139.097588
53184,NaN,5.152314,7.472264,3.508285,0.265586,-0.013073,-0.085487,-0.024598,0.064437,0.017679,0.134830,0.406703,0.405305,0.807553,65.977460,-33.200734,139.137749
53185,NaN,5.149240,7.511252,3.467703,0.238602,-0.062901,-0.071145,-0.016968,0.004573,0.012134,0.134818,0.406691,0.405283,0.807572,65.973099,-33.201568,139.141075
53186,NaN,5.165637,7.589238,3.458367,0.230564,-0.108389,-0.005765,-0.020687,-0.045394,-0.000993,0.134983,0.406857,0.405238,0.807483,65.986334,-33.206628,139.107331
53187,NaN,5.268058,7.567739,3.444018,0.155086,-0.045304,0.028972,-0.015863,-0.071507,-0.004909,0.135196,0.407119,0.405205,0.807332,66.011568,-33.215968,139.057824
53188,NaN,5.252066,7.529186,3.406584,0.136357,-0.047954,-0.022041,-0.015383,-0.096371,-0.010527,0.135492,0.407475,0.405166,0.807123,66.046790,-33.227878,138.989513
53189,NaN,5.183035,7.546648,3.368745,0.158267,-0.114915,-0.059435,-0.010034,-0.113373,-0.011913,0.135806,0.407897,0.405143,0.806868,66.091063,-33.243387,138.911642
53190,NaN,5.232530,7.518611,3.265491,0.050935,-0.122596,-0.088764,-0.002309,-0.121261,-0.015415,0.136146,0.408352,0.405149,0.806578,66.143121,-33.258422,138.826338
53191,NaN,5.397734,7.557972,3.215834,-0.080453,-0.080101,0.015190,-0.003681,-0.105880,-0.007612,0.136416,0.408754,0.405148,0.806328,66.187783,-33.273967,138.754212
53192,NaN,5.471948,7.531030,3.168560,-0.161767,-0.045657,0.019411,-0.021221,-0.066085,0.001734,0.136614,0.409008,0.405081,0.806200,66.207483,-33.285134,138.708196
53193,NaN,5.585438,7.539572,3.236646,-0.177919,0.048527,0.111229,-0.028472,-0.017442,0.007780,0.136691,0.409069,0.405008,0.806193,66.205064,-33.288471,138.696031
53194,NaN,5.585717,7.493368,3.307244,-0.130281,0.114782,0.099856,-0.045537,0.022858,0.010882,0.136721,0.408966,0.404884,0.806302,66.178838,-33.283865,138.708319
53195,NaN,5.520074,7.427271,3.367492,-0.053946,0.150260,0.033636,-0.049636,0.051918,0.015157,0.136669,0.408748,0.404758,0.806485,66.139214,-33.275284,138.741929
53196,NaN,5.382498,7.432452,3.404310,0.056521,0.088306,-0.025402,-0.044949,0.049963,0.007314,0.136658,0.408529,0.404662,0.806646,66.104559,-33.262510,138.770202
53197,NaN,5.276772,7.393958,3.437437,0.140160,0.070537,-0.101545,-0.035023,0.031969,0.004467,0.136657,0.408380,0.404602,0.806751,66.081728,-33.253121,138.788505
53198,NaN,5.172472,7.454418,3.410134,0.188897,-0.040764,-0.121739,-0.029204,0.002795,-0.002904,0.136750,0.408341,0.404559,0.806777,66.073865,-33.245936,138.784382
53199,NaN,5.168591,7.449970,3.435343,0.209319,-0.025852,-0.118694,-0.022433,-0.023168,-0.013067,0.136911,0.408387,0.404549,0.806731,66.080069,-33.239731,138.762801
53200,NaN,5.272950,7.442186,3.474963,0.173592,0.059605,-0.054008,-0.026425,-0.046902,-0.018850,0.137163,0.408519,0.404515,0.806639,66.093282,-33.235735,138.723130
53201,NaN,5.288065,7.422833,3.522312,0.200515,0.107802,-0.044528,-0.015894,-0.073666,-0.014655,0.137417,0.408772,0.404500,0.806475,66.120956,-33.240794,138.669518
53202,NaN,5.289350,7.360725,3.431511,0.128287,0.102626,-0.122189,0.016513,-0.116085,-0.018768,0.137720,0.409212,0.404592,0.806154,66.182529,-33.252830,138.586522
53203,NaN,5.378317,7.406464,3.292021,-0.021129,0.054392,-0.085612,0.059310,-0.136826,-0.028042,0.138003,0.409744,0.404864,0.805699,66.277131,-33.265203,138.489436
53204,NaN,5.464047,7.556487,3.193444,-0.125332,-0.038238,0.043134,0.042465,-0.108958,-0.027687,0.138275,0.410155,0.405083,0.805333,66.352525,-33.270721,138.408396
53205,NaN,5.482734,7.533749,3.135092,-0.178531,-0.039142,0.016511,0.011568,-0.064740,-0.013790,0.138453,0.410391,0.405183,0.805132,66.392735,-33.273779,138.360525
53206,NaN,5.428706,7.482375,3.115957,-0.162765,-0.043911,-0.058840,-0.003344,-0.014506,-0.004789,0.138535,0.410436,0.405236,0.805068,66.405908,-33.269553,138.345067
53207,NaN,5.510911,7.477061,3.077521,-0.244761,-0.014004,-0.030683,-0.002926,0.019834,-0.001329,0.138527,0.410342,0.405311,0.805079,66.406564,-33.258869,138.353559
53208,NaN,5.532265,7.573196,3.099129,-0.233150,-0.050357,0.061874,-0.004127,0.053328,-0.001197,0.138459,0.410121,0.405401,0.805159,66.395390,-33.240969,138.381678
53209,NaN,5.527187,7.578436,3.203351,-0.152733,0.000377,0.097945,-0.006995,0.066886,-0.003146,0.138368,0.409837,0.405497,0.805270,66.378504,-33.219226,138.418764
53210,NaN,5.449688,7.600972,3.275234,-0.050751,-0.017469,0.096811,-0.009441,0.062959,-0.005245,0.138308,0.409565,0.405580,0.805377,66.361616,-33.196977,138.451789
53211,NaN,5.340132,7.613692,3.339976,0.065563,-0.050759,0.068298,-0.015430,0.032674,-0.003858,0.138305,0.409409,0.405618,0.805438,66.351286,-33.182596,138.467713
53212,NaN,5.270881,7.590049,3.352703,0.114639,-0.066561,0.016558,-0.014278,-0.007228,-0.003067,0.138389,0.409421,0.405628,0.805412,66.355410,-33.177612,138.457305
53213,NaN,5.325563,7.597240,3.437120,0.146713,0.005966,0.080336,-0.011477,-0.028282,-0.005038,0.138503,0.409508,0.405641,0.805342,66.367842,-33.176751,138.435399
53214,NaN,5.441788,7.610661,3.480718,0.110413,0.087106,0.168838,-0.013973,-0.038616,-0.006209,0.138662,0.409640,0.405637,0.805249,66.383383,-33.177321,138.404446
53215,NaN,5.460836,7.594886,3.504780,0.117179,0.121992,0.175201,-0.011874,-0.035075,0.000586,0.138770,0.409772,0.405634,0.805165,66.398092,-33.181141,138.378788
53216,NaN,5.483300,7.573630,3.428394,0.043759,0.107710,0.145567,-0.007217,-0.027478,0.007923,0.138836,0.409892,0.405637,0.805091,66.411565,-33.186564,138.358692
53217,NaN,5.476646,7.546452,3.322424,-0.035410,0.064431,0.085580,-0.012930,-0.011958,0.009189,0.138859,0.409947,0.405626,0.805065,66.415988,-33.190074,138.350631
53218,NaN,5.520078,7.558006,3.181373,-0.169937,0.005387,0.070983,-0.008292,0.007233,0.011366,0.138843,0.409934,0.405641,0.805067,66.416408,-33.189344,138.353255
53219,NaN,5.534390,7.528286,3.155582,-0.202977,0.017797,0.047371,-0.014837,0.032356,0.013558,0.138765,0.409816,0.405644,0.805138,66.403713,-33.184611,138.374165
53220,NaN,5.487109,7.492188,3.171216,-0.167649,0.021831,-0.000997,-0.019662,0.044682,0.012971,0.138690,0.409647,0.405636,0.805241,66.384523,-33.176130,138.400720
53221,NaN,5.400074,7.483078,3.161017,-0.125008,-0.027463,-0.059078,-0.016749,0.050215,0.013687,0.138581,0.409455,0.405645,0.805353,66.364583,-33.167120,138.432755
53222,NaN,5.370719,7.485583,3.211019,-0.070680,-0.018945,-0.056466,-0.013499,0.042366,0.005159,0.138529,0.409284,0.405676,0.805433,66.350905,-33.155058,138.455702
53223,NaN,5.312485,7.482764,3.229763,-0.022200,-0.039347,-0.084194,-0.007662,0.028060,0.007184,0.138476,0.409175,0.405719,0.805476,66.344932,-33.147530,138.471762
53224,NaN,5.294760,7.506986,3.282508,0.031545,-0.035279,-0.057589,-0.000647,0.004541,0.003590,0.138480,0.409162,0.405779,0.805452,66.351826,-33.143335,138.470562
53225,NaN,5.251741,7.475990,3.270440,0.046779,-0.044790,-0.108936,0.001917,-0.016773,0.004727,0.138505,0.409238,0.405836,0.805381,66.367375,-33.145283,138.457749
53226,NaN,5.296949,7.515748,3.357042,0.092055,0.003633,-0.024665,0.001324,-0.044964,0.003419,0.138607,0.409425,0.405869,0.805251,66.392396,-33.152364,138.425465
53227,NaN,5.334747,7.475169,3.327831,0.045255,0.035964,-0.044945,-0.002582,-0.059028,0.011281,0.138702,0.409679,0.405865,0.805108,66.418703,-33.167119,138.388003
53228,NaN,5.367298,7.489226,3.431328,0.111286,0.102288,0.018261,0.000277,-0.072587,0.013227,0.138823,0.409997,0.405855,0.804930,66.451163,-33.185651,138.341053
53229,NaN,5.465023,7.513225,3.470612,0.088800,0.163635,0.103235,-0.003042,-0.072229,0.017841,0.138917,0.410318,0.405826,0.804765,66.480768,-33.207076,138.297217
53230,NaN,5.562264,7.527719,3.433857,0.006327,0.189221,0.155304,-0.004569,-0.051807,0.022996,0.138966,0.410568,0.405791,0.804646,66.501892,-33.225953,138.265942
53231,NaN,5.597493,7.526438,3.362181,-0.067625,0.170444,0.149734,-0.009042,-0.016869,0.032627,0.138907,0.410693,0.405747,0.804615,66.507340,-33.242081,138.260114
53232,NaN,5.649894,7.464132,3.385959,-0.087852,0.249601,0.138657,-0.021543,0.029799,0.039866,0.138757,0.410638,0.405666,0.804710,66.488124,-33.251174,138.284705
53233,NaN,5.589187,7.436775,3.277146,-0.139044,0.170861,0.048134,-0.022632,0.070787,0.043967,0.138499,0.410422,0.405604,0.804895,66.453525,-33.253339,138.337480
53234,NaN,5.603326,7.404931,3.256201,-0.172135,0.183323,0.024481,-0.029762,0.104697,0.039138,0.138218,0.410058,0.405543,0.805160,66.403914,-33.244864,138.408918
53235,NaN,5.511070,7.327498,3.188613,-0.181790,0.140232,-0.108119,-0.026184,0.131057,0.035699,0.137879,0.409583,0.405526,0.805469,66.348142,-33.228951,138.496931
53236,NaN,5.365499,7.324292,3.276216,-0.031007,0.104817,-0.160979,-0.024527,0.137226,0.033277,0.137544,0.409079,0.405520,0.805785,66.291291,-33.209800,138.587116
53237,NaN,5.216299,7.308338,3.309384,0.080001,0.046875,-0.243727,-0.023409,0.089962,0.028520,0.137311,0.408753,0.405499,0.806001,66.251846,-33.199140,138.647746
53238,NaN,5.213548,7.355834,3.347136,0.113006,0.033157,-0.196096,-0.016998,0.034131,0.032647,0.137173,0.408668,0.405454,0.806090,66.234834,-33.203355,138.673096
53239,NaN,5.277453,7.413550,3.318260,0.057549,0.014471,-0.126638,-0.013627,-0.016840,0.027600,0.137136,0.408781,0.405400,0.806066,66.238014,-33.217513,138.666594
53240,NaN,5.248148,7.402120,3.310850,0.072100,0.000510,-0.153962,-0.012969,-0.051946,0.028781,0.137179,0.409039,0.405320,0.805968,66.253452,-33.239568,138.636921
53241,NaN,5.273845,7.388514,3.309860,0.058642,0.022007,-0.150657,-0.015630,-0.075089,0.029432,0.137265,0.409387,0.405218,0.805828,66.275676,-33.267362,138.593553
53242,NaN,5.340241,7.401334,3.343595,0.050426,0.068053,-0.093101,-0.020315,-0.094264,0.027221,0.137416,0.409807,0.405082,0.805657,66.301759,-33.298330,138.536856
53243,NaN,5.428409,7.402386,3.378261,0.028510,0.134016,-0.032257,-0.018750,-0.087149,0.031213,0.137523,0.410205,0.404953,0.805501,66.325876,-33.329949,138.486717
53244,NaN,5.570017,7.392110,3.344486,-0.081441,0.199496,0.026395,-0.018639,-0.066973,0.034882,0.137584,0.410531,0.404828,0.805388,66.342426,-33.358624,138.449204
53245,NaN,5.625078,7.428137,3.307304,-0.136380,0.185286,0.071849,-0.020870,-0.031622,0.035233,0.137563,0.410711,0.404718,0.805355,66.345230,-33.379808,138.435509
53246,NaN,5.605169,7.374355,3.221372,-0.194945,0.159637,-0.008975,-0.026755,0.014218,0.034886,0.137476,0.410704,0.404616,0.805424,66.329083,-33.389813,138.449006
53247,NaN,5.624812,7.400432,3.183825,-0.235536,0.129864,0.009191,-0.044638,0.062948,0.035799,0.137310,0.410490,0.404474,0.805633,66.285533,-33.389763,138.494927
53248,NaN,5.592729,7.395991,3.262789,-0.161037,0.151865,0.014626,-0.068501,0.100511,0.036846,0.137126,0.410111,0.404258,0.805966,66.215335,-33.380865,138.563182
53249,NaN,5.544607,7.365757,3.363355,-0.065784,0.191658,-0.001055,-0.093477,0.112543,0.027287,0.136999,0.409644,0.403973,0.806367,66.128236,-33.364236,138.637333
53250,NaN,5.311083,7.300361,3.430666,0.114729,0.133747,-0.156535,-0.089086,0.115542,0.018361,0.136901,0.409153,0.403722,0.806759,66.043951,-33.342002,138.709817
53251,NaN,5.186415,7.321431,3.377591,0.144425,0.017503,-0.226802,-0.086313,0.078717,0.000418,0.136935,0.408769,0.403496,0.807061,65.976213,-33.318848,138.755739
53252,NaN,5.124190,7.357856,3.358594,0.165727,-0.054132,-0.239541,-0.077046,0.021034,-0.000391,0.137079,0.408630,0.403267,0.807222,65.934296,-33.308727,138.763717
53253,NaN,5.168378,7.385600,3.375738,0.151117,-0.041410,-0.188225,-0.073797,-0.040479,0.004375,0.137311,0.408747,0.403002,0.807256,65.914456,-33.315781,138.735910
53254,NaN,5.414690,7.472829,3.405985,0.030484,0.051390,0.023938,-0.076840,-0.097684,0.028251,0.137578,0.409144,0.402634,0.807193,65.909094,-33.348399,138.677574
53255,NaN,5.595259,7.527153,3.367841,-0.101273,0.090349,0.151693,-0.093991,-0.136533,0.046990,0.137865,0.409719,0.402131,0.807102,65.903701,-33.400728,138.602384
53256,NaN,5.738460,7.405475,3.317056,-0.236465,0.213076,0.120717,-0.091152,-0.127960,0.063934,0.138078,0.410300,0.401610,0.807030,65.895195,-33.459102,138.535020
53257,NaN,5.526058,7.342433,3.223370,-0.176422,0.078625,-0.076085,-0.090634,-0.113655,0.062356,0.138260,0.410817,0.401108,0.806986,65.882238,-33.513397,138.477299
53258,NaN,5.293289,7.390904,3.072077,-0.137325,-0.168907,-0.219219,-0.090503,-0.119784,0.060153,0.138470,0.411357,0.400603,0.806925,65.871998,-33.567902,138.413943
53259,NaN,5.440495,7.410169,2.797458,-0.434632,-0.253468,-0.216741,-0.095879,-0.101845,0.068180,0.138616,0.411833,0.400076,0.806919,65.851280,-33.622467,138.365086
53260,NaN,5.542539,7.582916,2.898476,-0.399054,-0.263822,0.005289,-0.128960,-0.048762,0.080203,0.138683,0.412100,0.399424,0.807094,65.791272,-33.670836,138.351962
53261,NaN,5.719511,7.654874,3.225842,-0.250537,-0.053568,0.269489,-0.199771,0.012130,0.094421,0.138701,0.412101,0.398500,0.807547,65.667343,-33.713275,138.382508
53262,NaN,5.782625,7.521286,3.583542,-0.036650,0.235970,0.326009,-0.250534,0.094155,0.100962,0.138649,0.411747,0.397413,0.808272,65.484506,-33.738661,138.465178
53263,NaN,5.738511,7.369002,3.578386,-0.046706,0.283222,0.185065,-0.270058,0.185026,0.099088,0.138451,0.411008,0.396314,0.809221,65.259144,-33.741913,138.605673
53264,NaN,5.521253,7.209286,3.524729,0.007654,0.214764,-0.074337,-0.257493,0.257358,0.090573,0.138130,0.409966,0.395331,0.810285,65.017201,-33.722059,138.787589
53265,NaN,5.455835,7.174836,3.444607,-0.043566,0.135440,-0.164404,-0.250909,0.314346,0.091267,0.137666,0.408696,0.394412,0.811452,64.759000,-33.688702,139.006783
53266,NaN,5.507046,7.299226,3.389881,-0.133167,0.028347,-0.061847,-0.254182,0.315745,0.127995,0.137071,0.407491,0.393402,0.812648,64.493005,-33.672533,139.235734
53267,NaN,5.510418,7.457459,3.109172,-0.361863,-0.251153,-0.042776,-0.314513,0.267371,0.158985,0.136551,0.406498,0.392050,0.813886,64.203579,-33.684250,139.445670
53268,NaN,5.604229,7.578607,2.989906,-0.525706,-0.378659,0.054545,-0.379298,0.222345,0.197968,0.136108,0.405721,0.390322,0.815177,63.886288,-33.725619,139.637730
53269,NaN,5.468135,7.512184,3.249907,-0.267595,-0.313619,0.022206,-0.437767,0.129248,0.239334,0.135786,0.405361,0.388210,0.816418,63.560311,-33.811428,139.786257
53270,NaN,5.432537,7.424627,3.671223,0.054790,-0.100957,0.091959,-0.470263,0.012781,0.272746,0.135628,0.405517,0.385812,0.817502,63.249110,-33.943075,139.873031
53271,NaN,5.519389,7.291220,4.099020,0.307964,0.206982,0.201781,-0.484374,-0.085507,0.287007,0.135617,0.406089,0.383260,0.818420,62.960520,-34.107665,139.905922
53272,NaN,5.618450,7.149258,4.242304,0.340867,0.379741,0.208063,-0.438844,-0.131319,0.277658,0.135651,0.406860,0.380878,0.819143,62.714896,-34.278787,139.907335
53273,NaN,5.704499,7.123483,4.225231,0.272767,0.389975,0.232773,-0.364570,-0.113322,0.257268,0.135573,0.407563,0.378854,0.819745,62.508737,-34.434984,139.915307
53274,NaN,5.712683,7.118004,4.196433,0.246449,0.344745,0.223800,-0.314588,-0.067823,0.234307,0.135410,0.408071,0.377108,0.820324,62.319171,-34.567231,139.943431
53275,NaN,5.712971,7.237497,3.891442,0.018886,0.073928,0.195150,-0.293526,0.012378,0.212840,0.135130,0.408222,0.375549,0.821010,62.117358,-34.667468,140.015526
53276,NaN,5.951621,7.247676,3.683985,-0.300557,0.054103,0.258506,-0.303226,0.128163,0.202648,0.134704,0.407871,0.374044,0.821941,61.870763,-34.730799,140.155123
53277,NaN,5.981568,7.351444,3.649760,-0.355584,-0.054950,0.336894,-0.347059,0.214734,0.206046,0.134184,0.407138,0.372413,0.823129,61.568035,-34.771925,140.350130
53278,NaN,5.728195,7.360264,3.602840,-0.255443,-0.258222,0.179009,-0.390479,0.265287,0.227056,0.133578,0.406207,0.370588,0.824511,61.218146,-34.808709,140.582825
53279,NaN,5.444385,7.545512,3.442891,-0.209628,-0.658925,0.084342,-0.435881,0.232212,0.244278,0.133043,0.405411,0.368519,0.825915,60.850328,-34.862676,140.802464
53280,NaN,5.377696,7.700993,3.265071,-0.315874,-0.939904,0.081862,-0.492081,0.178368,0.293075,0.132529,0.404886,0.366078,0.827339,60.458677,-34.954372,141.005722
53281,NaN,5.531531,7.792284,3.320160,-0.387042,-0.954995,0.251048,-0.583075,0.129215,0.353427,0.132031,0.404615,0.363107,0.828859,60.020001,-35.089461,141.201360
53282,NaN,5.851628,7.698178,4.004057,-0.094379,-0.455325,0.642896,-0.639896,0.070869,0.411175,0.131520,0.404643,0.359736,0.830396,59.555037,-35.268093,141.383504
53283,NaN,5.800539,7.260718,4.653207,0.392023,0.072425,0.572745,-0.590636,-0.030259,0.447381,0.130922,0.405185,0.356426,0.831652,59.144440,-35.494041,141.521194
53284,NaN,5.811805,6.953475,5.077241,0.688724,0.433008,0.543182,-0.494787,-0.121399,0.445597,0.130316,0.406160,0.353452,0.832541,58.819464,-35.744231,141.603772
53285,NaN,6.038801,6.794405,5.079921,0.545314,0.600514,0.568948,-0.394147,-0.155641,0.418893,0.129665,0.407297,0.350931,0.833153,58.569691,-35.992089,141.657966
53286,NaN,6.055494,6.671236,4.787731,0.313767,0.503417,0.372825,-0.331696,-0.114616,0.401908,0.128895,0.408264,0.348724,0.833725,58.342755,-36.218286,141.731781
53287,NaN,5.866455,6.646230,4.354548,0.106901,0.172209,0.061951,-0.304004,-0.033947,0.381363,0.128001,0.408880,0.346728,0.834394,58.107027,-36.410819,141.848669
53288,NaN,5.646036,6.763730,3.856951,-0.127434,-0.305265,-0.200600,-0.333835,0.056209,0.377148,0.127040,0.409086,0.344668,0.835293,57.821000,-36.572551,142.019108
53289,NaN,5.502738,6.785009,3.560737,-0.269531,-0.579724,-0.400654,-0.375243,0.140774,0.379662,0.125992,0.408919,0.342483,0.836431,57.479388,-36.709982,142.244067
53290,NaN,5.541808,6.956767,3.737973,-0.158549,-0.655267,-0.188453,-0.429817,0.186981,0.384990,0.124968,0.408526,0.340083,0.837755,57.086973,-36.833359,142.499245
53291,NaN,5.880207,7.048641,4.218795,-0.014975,-0.390376,0.282135,-0.473945,0.207387,0.381817,0.124007,0.408014,0.337522,0.839182,56.662578,-36.947665,142.766698
53292,NaN,6.137623,7.186941,4.628857,0.123505,-0.241359,0.707527,-0.529147,0.216468,0.398856,0.123075,0.407450,0.334689,0.840726,56.196652,-37.065260,143.048063
53293,NaN,6.324363,7.037583,5.074634,0.313269,0.096741,0.918998,-0.539687,0.201497,0.410982,0.122128,0.406961,0.331779,0.842253,55.726265,-37.192060,143.327680
53294,NaN,6.490841,6.895609,5.307851,0.356912,0.319709,1.032758,-0.495469,0.149356,0.427578,0.121115,0.406739,0.328981,0.843603,55.293640,-37.341372,143.584235
53295,NaN,6.215112,6.838108,5.463157,0.638660,0.237359,0.900335,-0.434659,0.043005,0.426960,0.120142,0.406999,0.326376,0.844628,54.932762,-37.524637,143.780649
53296,NaN,6.281585,6.930633,5.542706,0.663306,0.174178,1.038257,-0.375993,-0.055941,0.388219,0.119387,0.407644,0.324033,0.845326,54.649243,-37.720769,143.903017
53297,NaN,6.534094,6.993314,5.410718,0.410456,0.129338,1.173269,-0.358651,-0.071479,0.363965,0.118718,0.408331,0.321808,0.845939,54.387801,-37.911035,144.007095
53298,NaN,6.439721,7.030113,5.379640,0.453460,-0.011250,1.124726,-0.386250,-0.050541,0.360284,0.118091,0.408896,0.319477,0.846636,54.101267,-38.091437,144.123777
53299,NaN,6.122194,6.844420,5.073406,0.411565,-0.205894,0.668475,-0.402313,-0.049550,0.356790,0.117504,0.409447,0.317090,0.847349,53.806247,-38.270153,144.240776
53300,NaN,6.059394,7.181858,4.917148,0.351367,-0.620712,0.768647,-0.456324,-0.036508,0.371554,0.116950,0.409924,0.314442,0.848181,53.468968,-38.450003,144.373604
53301,NaN,6.056431,7.130091,4.940691,0.366096,-0.634608,0.741545,-0.518229,-0.053402,0.411329,0.116379,0.410499,0.311447,0.849086,53.091704,-38.653315,144.514915
53302,NaN,6.157228,7.168189,5.021211,0.363803,-0.653671,0.861901,-0.569921,-0.070830,0.437021,0.115831,0.411149,0.308157,0.850046,52.680671,-38.873562,144.660420
53303,NaN,6.594590,7.119411,5.096231,0.139991,-0.461160,1.137811,-0.565170,-0.074914,0.466806,0.115149,0.411864,0.304828,0.850993,52.264833,-39.108102,144.818940
53304,NaN,6.826887,6.984975,5.307606,0.148735,-0.239806,1.299772,-0.568555,-0.076383,0.480369,0.114419,0.412595,0.301443,0.851942,51.840032,-39.348217,144.986003
53305,NaN,6.949837,6.828005,5.458569,0.180678,-0.074916,1.353292,-0.527778,-0.072587,0.467692,0.113653,0.413307,0.298266,0.852817,51.439801,-39.579893,145.151879
53306,NaN,7.002929,6.746224,5.565224,0.227256,-0.016892,1.388736,-0.503680,-0.054455,0.460333,0.112839,0.413941,0.295205,0.853683,51.045446,-39.801338,145.327841
53307,NaN,6.820249,6.686511,5.599087,0.366747,-0.106692,1.252062,-0.482059,-0.035428,0.444771,0.112024,0.414477,0.292287,0.854534,50.660651,-40.007063,145.508908
53308,NaN,6.606512,6.519839,5.504531,0.421346,-0.172681,0.969076,-0.476141,-0.060808,0.438755,0.111252,0.415113,0.289378,0.855315,50.286879,-40.219450,145.675868
53309,NaN,6.558106,6.492456,5.414946,0.383874,-0.271971,0.876593,-0.442438,-0.066292,0.410192,0.110548,0.415748,0.286680,0.856006,49.943778,-40.419742,145.826338
53310,NaN,6.691329,6.449319,5.519619,0.381242,-0.199970,0.987688,-0.437378,-0.052927,0.394141,0.109873,0.416300,0.284029,0.856708,49.599626,-40.608117,145.980522
53311,NaN,6.466492,6.425183,5.683254,0.648149,-0.270663,0.906651,-0.424135,-0.012767,0.371091,0.109214,0.416655,0.281513,0.857450,49.255703,-40.770519,146.147213
53312,NaN,6.059833,6.353503,5.652330,0.873714,-0.451807,0.582968,-0.408385,-0.007968,0.346937,0.108616,0.416957,0.279105,0.858166,48.923534,-40.920176,146.307439
53313,NaN,5.849842,6.388463,5.519723,0.900054,-0.672057,0.397037,-0.397727,0.015654,0.328353,0.108047,0.417136,0.276804,0.858896,48.595388,-41.051483,146.472063
53314,NaN,5.692248,6.463052,5.309327,0.831416,-0.930767,0.227425,-0.412992,0.056126,0.320692,0.107481,0.417119,0.274462,0.859727,48.242823,-41.164091,146.658453
53315,NaN,5.641300,6.397321,5.126268,0.707351,-1.018429,0.061056,-0.453513,0.064951,0.324689,0.106987,0.417044,0.271959,0.860620,47.864525,-41.272494,146.850046
53316,NaN,5.806852,6.346200,5.138304,0.597065,-0.956424,0.143439,-0.476214,0.070778,0.313932,0.106561,0.416915,0.269362,0.861551,47.470350,-41.374733,147.043794
53317,NaN,5.947715,6.278901,5.382404,0.680488,-0.805200,0.319365,-0.488147,0.060194,0.299859,0.106221,0.416797,0.266742,0.862465,47.076743,-41.473899,147.227299
53318,NaN,5.977638,6.127185,5.510235,0.740923,-0.672253,0.318260,-0.489893,0.030509,0.273353,0.106050,0.416774,0.264146,0.863296,46.701595,-41.572947,147.379760
53319,NaN,5.974054,5.891359,5.699891,0.869240,-0.457227,0.282922,-0.474802,0.005427,0.243568,0.105997,0.416818,0.261667,0.864036,46.353639,-41.668424,147.505397
53320,NaN,5.960734,5.715747,5.635976,0.811198,-0.384838,0.145124,-0.451244,-0.011718,0.202559,0.106105,0.416899,0.259360,0.864679,46.039495,-41.753558,147.598894
53321,NaN,5.989145,5.534528,5.467077,0.645413,-0.322478,-0.021411,-0.422014,0.004217,0.161355,0.106298,0.416863,0.257278,0.865294,45.750100,-41.814582,147.681650
53322,NaN,6.125679,5.450265,5.337368,0.442744,-0.278173,-0.043178,-0.394764,0.044956,0.111031,0.106611,0.416607,0.255433,0.865926,45.479353,-41.838812,147.758387
53323,NaN,6.258651,5.297995,5.205699,0.233669,-0.172357,-0.104220,-0.381867,0.113863,0.057039,0.107030,0.415981,0.253798,0.866655,45.209957,-41.812530,147.845590
53324,NaN,6.187067,5.160256,5.221790,0.263103,-0.103586,-0.216071,-0.382696,0.165789,0.018409,0.107564,0.415086,0.252261,0.867466,44.935693,-41.749753,147.938051
53325,NaN,5.727269,5.048480,5.067955,0.402983,-0.265870,-0.661746,-0.385791,0.200933,-0.036184,0.108285,0.413959,0.250847,0.868325,44.666972,-41.649809,148.021069
53326,NaN,5.339011,5.062387,4.960229,0.533496,-0.486073,-0.968726,-0.383035,0.234438,-0.085821,0.109184,0.412632,0.249559,0.869215,44.406757,-41.516468,148.092429
53327,NaN,4.918590,5.074550,4.897121,0.718009,-0.699283,-1.273324,-0.392654,0.223917,-0.115408,0.110233,0.411298,0.248290,0.870078,44.155978,-41.374806,148.142816
53328,NaN,4.815945,5.103980,4.978587,0.813650,-0.750692,-1.280126,-0.398018,0.170588,-0.147611,0.111510,0.410158,0.247027,0.870812,43.933356,-41.242694,148.144610
53329,NaN,5.115252,5.180786,5.159591,0.731293,-0.648759,-0.942966,-0.416293,0.114473,-0.176219,0.113007,0.409207,0.245716,0.871437,43.730317,-41.121765,148.102210
53330,NaN,5.290641,5.105629,5.346084,0.733195,-0.464522,-0.763626,-0.430454,0.060817,-0.200747,0.114716,0.408458,0.244356,0.871947,43.546957,-41.014154,148.015962
53331,NaN,5.330630,4.972795,5.575754,0.858922,-0.269856,-0.679084,-0.424309,-0.012047,-0.238041,0.116653,0.407974,0.243063,0.872279,43.405397,-40.921585,147.872607
53332,NaN,5.503682,4.800316,5.590244,0.741909,-0.055514,-0.645853,-0.385308,-0.110880,-0.286160,0.118850,0.407891,0.241972,0.872324,43.337269,-40.852182,147.649517
53333,NaN,5.561797,4.714911,5.632122,0.727460,0.052759,-0.628310,-0.346228,-0.200175,-0.331893,0.121264,0.408153,0.241096,0.872111,43.337839,-40.801307,147.356728
53334,NaN,5.824226,4.674769,5.515577,0.467810,0.160549,-0.541655,-0.305834,-0.271443,-0.371117,0.123862,0.408710,0.240425,0.871671,43.399741,-40.765361,147.003818
53335,NaN,6.128117,4.709619,5.299339,0.106712,0.196897,-0.444275,-0.292236,-0.263474,-0.399776,0.126536,0.409194,0.239882,0.871209,43.476333,-40.713651,146.641339
53336,NaN,6.200137,4.649939,5.143202,-0.061021,0.242619,-0.514647,-0.275535,-0.209846,-0.427534,0.129242,0.409427,0.239494,0.870809,43.553868,-40.629172,146.290277
53337,NaN,6.280289,4.714474,4.859002,-0.343037,0.149949,-0.585662,-0.281683,-0.116005,-0.443220,0.131906,0.409217,0.239176,0.870596,43.600491,-40.498433,145.981805
53338,NaN,6.353908,4.659701,4.800692,-0.451252,0.228112,-0.599878,-0.305713,-0.001230,-0.456855,0.134550,0.408481,0.238849,0.870627,43.598688,-40.315417,145.724563
53339,NaN,6.200108,4.579486,4.850459,-0.340361,0.263735,-0.715739,-0.300143,0.113889,-0.455908,0.137031,0.407237,0.238626,0.870884,43.559887,-40.084277,145.529669
53340,NaN,5.921620,4.574846,4.943624,-0.126662,0.193135,-0.847157,-0.301928,0.180629,-0.458454,0.139454,0.405703,0.238438,0.871266,43.498229,-39.825326,145.366594
53341,NaN,5.883995,4.559443,5.065129,-0.046213,0.244599,-0.812502,-0.276567,0.220538,-0.459302,0.141773,0.404001,0.238394,0.871695,43.437324,-39.548818,145.225280
53342,NaN,5.877667,4.546372,5.196148,0.020124,0.311984,-0.750760,-0.245672,0.248027,-0.458435,0.143999,0.402207,0.238494,0.872132,43.384504,-39.262080,145.097163
53343,NaN,5.828602,4.486126,5.290648,0.087809,0.391394,-0.761289,-0.206697,0.259869,-0.465120,0.146154,0.400369,0.238790,0.872538,43.351569,-38.967104,144.973126
53344,NaN,5.814520,4.447662,5.316697,0.081369,0.450184,-0.776750,-0.156735,0.245260,-0.474060,0.148272,0.398626,0.239303,0.872838,43.354377,-38.675473,144.835941
53345,NaN,5.764355,4.458354,5.269557,0.042301,0.432581,-0.830268,-0.117672,0.203000,-0.489631,0.150422,0.397067,0.239990,0.872993,43.396726,-38.394535,144.671226
53346,NaN,5.837090,4.464904,5.044950,-0.206088,0.424077,-0.911224,-0.076783,0.160750,-0.506869,0.152622,0.395707,0.240851,0.872991,43.480306,-38.124978,144.475881
53347,NaN,5.834213,4.584111,4.999349,-0.273665,0.343906,-0.876676,-0.056821,0.115603,-0.523893,0.154962,0.394538,0.241793,0.872848,43.594771,-37.865167,144.243848
53348,NaN,5.995416,4.605917,4.907928,-0.471300,0.409470,-0.820619,-0.045851,0.092985,-0.544657,0.157345,0.393446,0.242808,0.872632,43.725879,-37.608160,143.997510
53349,NaN,6.108182,4.670971,4.910941,-0.568248,0.447864,-0.717548,-0.041752,0.075386,-0.557465,0.159800,0.392409,0.243852,0.872362,43.866802,-37.352054,143.737418
53350,NaN,6.035698,4.677375,4.948926,-0.513242,0.460304,-0.739435,-0.035474,0.049015,-0.571079,0.162329,0.391479,0.244926,0.872012,44.021697,-37.101717,143.458712
53351,NaN,5.844051,4.842752,4.846534,-0.502783,0.242576,-0.824791,-0.047123,0.039344,-0.581969,0.164943,0.390560,0.245961,0.871642,44.174166,-36.849676,143.171154
53352,NaN,5.756483,4.855780,4.742373,-0.547185,0.199317,-0.932006,-0.035562,0.061617,-0.579650,0.167492,0.389558,0.247057,0.871295,44.323803,-36.589565,142.897861
53353,NaN,5.567313,5.040871,4.797710,-0.424055,0.013310,-0.910823,-0.014678,0.103655,-0.569708,0.169907,0.388394,0.248259,0.871005,44.467881,-36.314947,142.652120
53354,NaN,5.622690,5.129747,4.972185,-0.360024,0.061049,-0.728744,-0.017859,0.133330,-0.554011,0.172218,0.387119,0.249439,0.870781,44.594775,-36.034771,142.431001
53355,NaN,5.781998,5.111398,5.140465,-0.357887,0.246061,-0.550212,-0.000467,0.161046,-0.525146,0.174336,0.385767,0.250661,0.870609,44.713265,-35.753932,142.239688
53356,NaN,6.003911,5.144286,5.322819,-0.390990,0.425703,-0.299079,0.024954,0.171823,-0.497748,0.176268,0.384426,0.251948,0.870442,44.833670,-35.480051,142.068839
53357,NaN,6.218845,5.128494,5.245475,-0.609683,0.564876,-0.231481,0.064810,0.164138,-0.478723,0.178052,0.383170,0.253364,0.870221,44.972187,-35.216063,141.904911
53358,NaN,6.159392,5.055945,5.328355,-0.521137,0.661706,-0.263737,0.100226,0.158467,-0.455951,0.179673,0.382001,0.254882,0.869958,45.124792,-34.963874,141.750841
53359,NaN,6.230989,5.062546,5.366400,-0.556463,0.748716,-0.201109,0.149495,0.131171,-0.452349,0.181221,0.380995,0.256583,0.869579,45.311033,-34.723258,141.586112
53360,NaN,6.480145,5.049105,5.311113,-0.769088,0.917427,-0.103913,0.210428,0.092477,-0.455022,0.182709,0.380208,0.258516,0.869039,45.542391,-34.497157,141.402692
53361,NaN,6.740072,5.224166,5.129607,-1.103306,0.906530,0.035868,0.246752,0.093018,-0.465098,0.184172,0.379434,0.260625,0.868438,45.795538,-34.265672,141.216318
53362,NaN,6.701571,5.297544,5.138369,-1.089514,0.884188,0.056902,0.237563,0.108742,-0.458766,0.185601,0.378592,0.262694,0.867878,46.035814,-34.030267,141.042532
53363,NaN,6.182591,5.343995,5.059342,-0.830085,0.602991,-0.256181,0.220275,0.108386,-0.445749,0.187007,0.377747,0.264661,0.867346,46.261208,-33.799502,140.876411
53364,NaN,5.850709,5.417339,4.950131,-0.715494,0.385267,-0.462736,0.245075,0.075751,-0.442499,0.188393,0.377071,0.266698,0.866717,46.507673,-33.582715,140.697154
53365,NaN,5.626866,5.670491,5.105904,-0.492399,0.164327,-0.346076,0.172544,0.053876,-0.432149,0.189901,0.376432,0.268378,0.866146,46.714549,-33.378019,140.512981
53366,NaN,5.523104,5.735672,5.270800,-0.317294,0.155287,-0.270204,0.185552,0.067567,-0.417795,0.191301,0.375764,0.270099,0.865594,46.920166,-33.173641,140.344042
53367,NaN,5.489452,5.923773,5.433134,-0.205042,0.086262,-0.081578,0.174787,0.061333,-0.396570,0.192636,0.375138,0.271725,0.865060,47.114650,-32.979987,140.183197
53368,NaN,5.528110,5.998513,5.546563,-0.160069,0.128774,0.049572,0.209220,0.052397,-0.374970,0.193824,0.374613,0.273451,0.864478,47.324888,-32.798534,140.028962
53369,NaN,5.715225,6.045222,5.614208,-0.238363,0.260210,0.217425,0.249850,0.041695,-0.358627,0.194881,0.374193,0.275309,0.863832,47.556166,-32.627451,139.877876
53370,NaN,5.808968,6.070697,5.703774,-0.234116,0.366580,0.333304,0.266188,0.025618,-0.346037,0.195872,0.373874,0.277198,0.863142,47.797143,-32.467559,139.725735
53371,NaN,5.604237,6.006883,5.510859,-0.234594,0.286587,0.072773,0.310431,-0.028480,-0.353009,0.196886,0.373820,0.279236,0.862277,48.078786,-32.324770,139.544119
53372,NaN,5.429363,5.944412,5.286900,-0.268998,0.212964,-0.187336,0.392956,-0.142134,-0.370273,0.197976,0.374311,0.281548,0.861062,48.441621,-32.217207,139.298622
53373,NaN,5.459669,6.246868,4.809115,-0.664755,-0.109122,-0.246871,0.440241,-0.240944,-0.388957,0.199196,0.375244,0.283998,0.859568,48.861727,-32.137514,138.995567
53374,NaN,5.608798,6.614322,4.919208,-0.698166,-0.216552,0.130748,0.330167,-0.227844,-0.366378,0.200505,0.376040,0.285943,0.858270,49.209137,-32.061032,138.710227
53375,NaN,5.755119,6.379200,4.859091,-0.785516,0.068344,0.026239,0.279547,-0.193193,-0.336746,0.201731,0.376676,0.287648,0.857134,49.510470,-31.983092,138.456299
53376,NaN,5.547236,6.516736,5.103091,-0.468307,-0.027569,0.140252,0.246547,-0.154435,-0.315515,0.202871,0.377142,0.289209,0.856134,49.776778,-31.899020,138.232432
53377,NaN,5.428146,6.439036,5.145358,-0.337622,0.016995,0.050693,0.241924,-0.094740,-0.302914,0.203878,0.377364,0.290786,0.855262,50.020641,-31.797593,138.045402
53378,NaN,5.317387,6.490590,5.178063,-0.241813,-0.034354,0.044032,0.242391,-0.003015,-0.299807,0.204737,0.377197,0.292451,0.854563,50.238414,-31.663204,137.907962
53379,NaN,5.305265,6.542893,5.429041,-0.048646,0.045629,0.208550,0.229287,0.094165,-0.285924,0.205418,0.376620,0.294133,0.854076,50.418512,-31.499020,137.827517
53380,NaN,5.268849,6.537395,5.485165,0.012412,0.087680,0.216140,0.242129,0.173152,-0.264982,0.205869,0.375748,0.295910,0.853738,50.579393,-31.315072,137.797695
53381,NaN,5.438076,6.545541,5.642081,0.015022,0.273474,0.393914,0.250232,0.214092,-0.249164,0.206176,0.374732,0.297732,0.853477,50.730051,-31.123223,137.796345
53382,NaN,5.407473,6.464483,5.610038,0.010050,0.343847,0.305829,0.260967,0.233821,-0.229048,0.206346,0.373671,0.299582,0.853254,50.876876,-30.933130,137.814405
53383,NaN,5.273989,6.462833,5.488063,-0.006541,0.264145,0.168899,0.285198,0.207868,-0.233292,0.206528,0.372738,0.301514,0.852937,51.045191,-30.750589,137.817590
53384,NaN,5.108149,6.456342,5.297254,-0.048905,0.145084,-0.024180,0.316524,0.137306,-0.247048,0.206814,0.372115,0.303532,0.852424,51.252675,-30.587250,137.779325
53385,NaN,5.023521,6.483788,5.184703,-0.080155,0.077597,-0.109914,0.350521,0.036512,-0.271487,0.207294,0.371918,0.305633,0.851642,51.510879,-30.448967,137.679274
53386,NaN,4.892049,6.553983,4.827311,-0.263844,-0.136102,-0.320510,0.380977,-0.107142,-0.308165,0.208091,0.372306,0.307783,0.850503,51.831399,-30.344726,137.490285
53387,NaN,5.196200,6.929609,4.608159,-0.654211,-0.267070,-0.027207,0.307257,-0.131089,-0.315680,0.209094,0.372706,0.309606,0.849420,52.116822,-30.244731,137.286429
53388,NaN,5.077798,7.029436,4.931067,-0.332226,-0.250081,0.154229,0.178924,-0.152349,-0.301218,0.210305,0.373082,0.310833,0.848507,52.330735,-30.157935,137.078121
53389,NaN,4.865836,6.615118,5.105228,-0.002638,0.020939,-0.143200,0.172682,-0.165028,-0.309145,0.211580,0.373492,0.312034,0.847569,52.545521,-30.071458,136.860509
53390,NaN,4.661471,6.838624,5.236049,0.206790,-0.179692,-0.023041,0.136436,-0.125991,-0.301835,0.212831,0.373707,0.313108,0.846764,52.727164,-29.973922,136.666921
53391,NaN,4.574959,6.845906,5.421745,0.409074,-0.137720,0.036456,0.135696,-0.126476,-0.279270,0.213986,0.373958,0.314135,0.845981,52.903437,-29.886409,136.482723
53392,NaN,4.804189,6.896936,5.568415,0.377020,0.047202,0.262567,0.157310,-0.073987,-0.270775,0.214983,0.374022,0.315293,0.845269,53.076174,-29.784116,136.329974
53393,NaN,5.120458,6.991373,5.559170,0.162525,0.197589,0.479894,0.160394,-0.002810,-0.248542,0.215767,0.373823,0.316498,0.844707,53.227147,-29.667228,136.224156
53394,NaN,5.258278,7.000095,5.539109,0.059649,0.297946,0.542994,0.174357,0.053894,-0.216794,0.216302,0.373449,0.317763,0.844261,53.364754,-29.545232,136.161211
53395,NaN,5.179857,6.834048,5.538532,0.130244,0.400063,0.386987,0.229025,0.053874,-0.222031,0.216754,0.373125,0.319268,0.843720,53.534391,-29.420849,136.096696
53396,NaN,4.992723,6.984338,5.338269,0.079935,0.141297,0.295672,0.276680,0.010035,-0.218558,0.217174,0.373042,0.320919,0.843022,53.741637,-29.312613,136.010829
53397,NaN,5.151876,6.903771,5.019793,-0.242357,0.210356,0.152205,0.323998,-0.056838,-0.218868,0.217614,0.373290,0.322696,0.842120,53.993026,-29.226544,135.889731
53398,NaN,4.905636,6.906321,4.862122,-0.189632,0.037971,-0.047177,0.368425,-0.159695,-0.240410,0.218226,0.373983,0.324587,0.840927,54.300146,-29.164461,135.706419
53399,NaN,5.193319,7.264213,4.616121,-0.579374,-0.088541,0.222463,0.330877,-0.192136,-0.264520,0.219060,0.374732,0.326327,0.839702,54.598362,-29.101281,135.496903
53400,NaN,5.165801,7.398667,4.796502,-0.419548,-0.092344,0.397482,0.198710,-0.186227,-0.252584,0.220082,0.375326,0.327496,0.838714,54.816583,-29.040723,135.295711
53401,NaN,5.019593,7.031247,4.957726,-0.145007,0.163501,0.145523,0.162672,-0.145506,-0.248507,0.221085,0.375717,0.328548,0.837863,55.002389,-28.968208,135.118373
53402,NaN,4.836305,7.141148,4.985038,-0.014963,0.014867,0.149036,0.153396,-0.093362,-0.257412,0.222058,0.375862,0.329636,0.837113,55.170589,-28.873767,134.965974
53403,NaN,4.601381,7.120325,5.138702,0.257677,-0.027961,0.097446,0.147695,-0.067477,-0.253091,0.222981,0.375900,0.330720,0.836423,55.327590,-28.772606,134.829477
53404,NaN,4.724694,7.220145,5.072213,0.120862,-0.015556,0.195592,0.154782,-0.026871,-0.248449,0.223802,0.375782,0.331869,0.835801,55.476900,-28.660027,134.717054
53405,NaN,4.742065,7.319310,5.046775,0.079733,-0.052325,0.263039,0.163381,0.015026,-0.222743,0.224430,0.375540,0.333051,0.835271,55.615301,-28.545826,134.637170
53406,NaN,4.799630,7.308738,5.141141,0.119020,0.055693,0.329704,0.158404,0.053841,-0.191604,0.224873,0.375181,0.334198,0.834855,55.735194,-28.433600,134.589950
53407,NaN,4.802562,7.097694,4.921970,-0.025224,0.144360,0.068917,0.223709,0.036772,-0.213512,0.225309,0.374930,0.335637,0.834273,55.900196,-28.316614,134.526365
53408,NaN,4.873033,7.369033,4.975946,-0.055957,0.057672,0.326475,0.238819,0.060098,-0.153651,0.225430,0.374698,0.337054,0.833773,56.057496,-28.220188,134.497107
53409,NaN,4.769386,7.205316,4.759762,-0.131611,0.046325,0.051359,0.274421,0.026890,-0.131630,0.225446,0.374682,0.338539,0.833174,56.239687,-28.145060,134.458435
53410,NaN,4.688948,7.261407,4.611893,-0.190097,-0.072188,-0.017668,0.294170,-0.036485,-0.116485,0.225472,0.374976,0.340006,0.832437,56.446596,-28.096866,134.391068
53411,NaN,4.817206,7.368661,4.402071,-0.427008,-0.119779,0.020120,0.286697,-0.085117,-0.098460,0.225513,0.375493,0.341352,0.831641,56.658261,-28.072756,134.304539
53412,NaN,4.934447,7.495067,4.280190,-0.590466,-0.154229,0.110635,0.237274,-0.092639,-0.103996,0.225688,0.375976,0.342494,0.830906,56.844558,-28.047764,134.211556
53413,NaN,4.873755,7.489467,4.354155,-0.481758,-0.138685,0.114695,0.147553,-0.049220,-0.107119,0.225968,0.376171,0.343317,0.830402,56.968757,-28.007545,134.141242
53414,NaN,4.772836,7.322902,4.496894,-0.283755,-0.017000,0.013099,0.111823,0.014853,-0.125697,0.226284,0.376027,0.344100,0.830057,57.059113,-27.938217,134.099294
53415,NaN,4.521667,7.312414,4.639258,-0.017656,-0.093515,-0.043834,0.106790,0.065919,-0.143436,0.226593,0.375635,0.344951,0.829797,57.136316,-27.844521,134.079218
53416,NaN,4.367080,7.361912,4.686982,0.105500,-0.184996,-0.056072,0.110742,0.084478,-0.152092,0.226900,0.375155,0.345857,0.829553,57.212453,-27.740756,134.066186
53417,NaN,4.346270,7.483705,4.701566,0.111603,-0.251867,0.032347,0.110134,0.082094,-0.147792,0.227192,0.374691,0.346749,0.829310,57.288042,-27.639883,134.053623
53418,NaN,4.433668,7.608325,4.731026,0.062045,-0.246121,0.180419,0.100631,0.091178,-0.136421,0.227441,0.374198,0.347590,0.829113,57.353973,-27.541574,134.050031
53419,NaN,4.527621,7.621877,4.742927,0.006889,-0.172034,0.240076,0.086885,0.103727,-0.114850,0.227601,0.373674,0.348347,0.828987,57.405221,-27.449916,134.061218
53420,NaN,4.450941,7.539191,4.747904,0.063098,-0.148684,0.145564,0.086749,0.097372,-0.092308,0.227682,0.373215,0.349054,0.828874,57.454483,-27.370991,134.076538
53421,NaN,4.432190,7.449832,4.835760,0.151701,-0.052273,0.112186,0.096871,0.055958,-0.064309,0.227697,0.372989,0.349704,0.828698,57.515463,-27.318597,134.079319
53422,NaN,4.420674,7.325171,4.746070,0.106974,-0.002093,-0.029324,0.122577,-0.004215,-0.052710,0.227724,0.373061,0.350370,0.828377,57.604267,-27.290073,134.053241
53423,NaN,4.470584,7.282299,4.611298,-0.013254,0.016441,-0.102817,0.178314,-0.082093,-0.053790,0.227784,0.373517,0.351180,0.827811,57.744516,-27.284993,133.984743
53424,NaN,4.486395,7.402154,4.532266,-0.081051,-0.067148,-0.042839,0.212872,-0.140066,-0.068474,0.227946,0.374226,0.352094,0.827059,57.921446,-27.290152,133.879272
53425,NaN,4.569946,7.495870,4.445770,-0.189934,-0.090713,0.025655,0.223684,-0.167010,-0.094497,0.228239,0.375013,0.353070,0.826204,58.115540,-27.290724,133.750237
53426,NaN,4.631448,7.676634,4.315084,-0.332819,-0.202119,0.129612,0.162419,-0.109645,-0.112151,0.228621,0.375460,0.353890,0.825545,58.262723,-27.264847,133.646565
53427,NaN,4.460788,7.534964,4.350084,-0.173726,-0.187345,-0.038628,0.138747,-0.077790,-0.120206,0.229024,0.375735,0.354665,0.824975,58.389701,-27.225245,133.557588
53428,NaN,4.246072,7.466426,4.519726,0.105674,-0.193345,-0.109286,0.118164,-0.054763,-0.134813,0.229484,0.375863,0.355408,0.824469,58.501029,-27.171436,133.476608
53429,NaN,4.243566,7.542066,4.615191,0.178898,-0.186058,-0.008405,0.107102,-0.054715,-0.139705,0.229983,0.375970,0.356113,0.823977,58.606527,-27.115221,133.394523
53430,NaN,4.390328,7.532348,4.694573,0.156582,-0.035001,0.088045,0.080554,-0.052009,-0.134768,0.230508,0.376044,0.356703,0.823541,58.695335,-27.060355,133.315369
53431,NaN,4.472733,7.505310,4.682420,0.102273,0.046525,0.099296,0.072326,-0.029089,-0.130191,0.230987,0.376021,0.357277,0.823168,58.772866,-27.000962,133.250757
53432,NaN,4.409905,7.443080,4.694431,0.158039,0.066008,0.028808,0.071525,-0.008823,-0.127641,0.231423,0.375919,0.357865,0.822837,58.844392,-26.936580,133.197979
53433,NaN,4.393556,7.378284,4.604418,0.105980,0.075107,-0.069681,0.088539,-0.018816,-0.126226,0.231836,0.375880,0.358509,0.822458,58.927771,-26.875915,133.140628
53434,NaN,4.417390,7.400338,4.603309,0.092378,0.092957,-0.042755,0.127067,-0.039660,-0.115589,0.232173,0.375989,0.359267,0.821982,59.036765,-26.826413,133.075140
53435,NaN,4.312353,7.228911,4.581889,0.170262,0.144095,-0.231590,0.216111,-0.127712,-0.127280,0.232545,0.376543,0.360311,0.821167,59.220219,-26.797012,132.957755
53436,NaN,4.526427,7.604500,4.510468,-0.037744,0.042939,0.119982,0.286759,-0.174095,-0.170370,0.233048,0.377290,0.361670,0.820083,59.461974,-26.759424,132.800513
53437,NaN,4.488872,7.886007,4.369784,-0.133048,-0.189153,0.256102,0.249773,-0.215820,-0.155261,0.233627,0.378190,0.362799,0.819004,59.690295,-26.741094,132.625956
53438,NaN,4.645651,7.985458,4.260462,-0.303597,-0.169596,0.354915,0.185803,-0.184792,-0.137132,0.234201,0.378922,0.363667,0.818117,59.871756,-26.721969,132.473908
53439,NaN,4.701321,7.964652,4.128788,-0.424229,-0.154743,0.305664,0.113211,-0.133924,-0.131059,0.234793,0.379370,0.364286,0.817463,59.998026,-26.690976,132.352290
53440,NaN,4.642394,7.888677,4.235781,-0.288038,-0.084931,0.268716,0.071135,-0.080918,-0.125845,0.235349,0.379562,0.364785,0.816992,60.086035,-26.647115,132.261741
53441,NaN,4.384087,7.785663,4.266050,-0.094434,-0.164150,0.086811,0.056248,-0.043111,-0.126506,0.235863,0.379581,0.365268,0.816619,60.156166,-26.592280,132.192366
53442,NaN,4.251565,7.793641,4.379900,0.075580,-0.195202,0.084603,0.051796,-0.033137,-0.124588,0.236363,0.379556,0.365741,0.816274,60.220798,-26.535228,132.128983
53443,NaN,4.298192,7.804022,4.381298,0.048309,-0.157261,0.114342,0.043046,-0.028039,-0.101520,0.236775,0.379542,0.366142,0.815982,60.275858,-26.488105,132.075965
53444,NaN,4.337499,7.792359,4.374469,0.021413,-0.115709,0.119929,0.043818,-0.014675,-0.081511,0.237080,0.379511,0.366522,0.815737,60.325081,-26.447140,132.036684
53445,NaN,4.362788,7.746608,4.327521,-0.024914,-0.080452,0.074890,0.047369,-0.003345,-0.061880,0.237275,0.379474,0.366893,0.815530,60.370785,-26.412866,132.010234
53446,NaN,4.419338,7.753158,4.461558,0.048111,0.017790,0.164530,0.047168,0.004703,-0.046088,0.237393,0.379433,0.367243,0.815357,60.412074,-26.384005,131.993021
53447,NaN,4.384816,7.744652,4.450395,0.062697,0.002898,0.137605,0.043501,-0.005827,-0.037088,0.237500,0.379447,0.367549,0.815182,60.452650,-26.362649,131.973010
53448,NaN,4.311375,7.716613,4.321482,0.011238,-0.075237,0.026189,0.066920,-0.032368,-0.037253,0.237613,0.379596,0.367918,0.814913,60.513141,-26.348634,131.938011
53449,NaN,4.397644,7.746437,4.304885,-0.050283,-0.034435,0.080485,0.091156,-0.046276,-0.038126,0.237703,0.379829,0.368370,0.814574,60.590793,-26.338425,131.895796
53450,NaN,4.322793,7.829239,4.317835,0.004258,-0.120188,0.117708,0.097612,-0.062415,-0.042740,0.237835,0.380127,0.368838,0.814185,60.677025,-26.330030,131.842384
53451,NaN,4.433046,7.991367,4.299374,-0.085858,-0.144204,0.285346,0.076122,-0.050905,-0.048607,0.238012,0.380339,0.369245,0.813849,60.748877,-26.315107,131.793653
53452,NaN,4.669723,7.884634,4.193566,-0.295870,0.044255,0.260557,0.042707,-0.010780,-0.060166,0.238224,0.380329,0.369585,0.813638,60.793254,-26.283438,131.763640
53453,NaN,4.854265,7.841061,4.190856,-0.405206,0.202389,0.306811,0.020743,0.056414,-0.075944,0.238414,0.379992,0.369946,0.813576,60.810799,-26.225373,131.766445
53454,NaN,4.590051,7.791701,4.229932,-0.219018,0.082114,0.168133,-0.001124,0.124157,-0.094775,0.238601,0.379316,0.370333,0.813660,60.801557,-26.138666,131.800915
53455,NaN,4.276873,7.745564,4.374679,0.075040,-0.027815,0.057307,-0.019968,0.166431,-0.107373,0.238795,0.378423,0.370719,0.813843,60.773160,-26.033879,131.855009
53456,NaN,4.098771,7.660279,4.413747,0.206426,-0.068087,-0.070322,-0.026351,0.174916,-0.104195,0.238973,0.377493,0.371082,0.814057,60.738554,-25.928228,131.914630
53457,NaN,3.998920,7.709891,4.458569,0.281520,-0.136761,-0.054889,-0.022991,0.160134,-0.088003,0.239106,0.376656,0.371410,0.814256,60.707403,-25.834715,131.971173
53458,NaN,3.943334,7.724464,4.544457,0.369662,-0.138387,-0.029360,-0.008432,0.112691,-0.060593,0.239188,0.376081,0.371688,0.814371,60.692442,-25.768245,132.009635
53459,NaN,4.000419,7.760181,4.540671,0.321907,-0.117411,0.022151,0.000914,0.045164,-0.038695,0.239289,0.375835,0.371885,0.814365,60.696706,-25.731685,132.017148
53460,NaN,3.962334,7.745155,4.478594,0.296370,-0.155838,-0.033464,0.012556,-0.018849,-0.020842,0.239414,0.375894,0.372017,0.814241,60.720123,-25.721958,131.995003
53461,NaN,4.077559,7.717534,4.370031,0.147923,-0.104667,-0.053018,0.027904,-0.072049,-0.013498,0.239577,0.376201,0.372134,0.813997,60.764119,-25.730849,131.945974
53462,NaN,4.160079,7.659976,4.296335,0.053940,-0.042968,-0.094908,0.034764,-0.110885,0.001251,0.239742,0.376703,0.372204,0.813685,60.819478,-25.757874,131.879599
53463,NaN,4.215420,7.648632,4.339867,0.067093,0.022023,-0.060724,0.054100,-0.134111,0.004927,0.239896,0.377327,0.372318,0.813298,60.890860,-25.793083,131.801887
53464,NaN,4.404635,7.709698,4.421104,0.023787,0.149468,0.105150,0.062531,-0.131064,0.005615,0.240028,0.377951,0.372468,0.812900,60.966544,-25.827768,131.725528
53465,NaN,4.733946,7.750366,4.350103,-0.222602,0.319698,0.249621,0.068710,-0.080452,0.007442,0.240046,0.378378,0.372701,0.812590,61.033088,-25.848982,131.678206
53466,NaN,4.985214,7.740863,4.202551,-0.480577,0.437033,0.287451,0.090891,0.005292,0.008178,0.239860,0.378487,0.373125,0.812399,61.091649,-25.846989,131.678495
53467,NaN,4.834447,7.834404,4.190658,-0.404903,0.281247,0.290200,0.128513,0.098046,0.015097,0.239397,0.378273,0.373798,0.812326,61.147674,-25.822856,131.733560
53468,NaN,4.726683,7.664750,3.958068,-0.508181,0.220532,0.008175,0.052853,0.147790,-0.023592,0.239145,0.377698,0.374298,0.812437,61.154123,-25.765526,131.803525
53469,NaN,4.354860,7.850323,4.206766,-0.115149,-0.028163,0.100697,0.028249,0.177188,-0.021433,0.238874,0.376974,0.374728,0.812655,61.138687,-25.700919,131.891074
53470,NaN,4.213659,7.715793,4.123565,-0.091063,-0.072114,-0.102967,-0.001738,0.161140,-0.007431,0.238635,0.376309,0.374991,0.812912,61.108663,-25.647974,131.973331
53471,NaN,4.117242,7.732570,4.311099,0.104948,-0.063337,-0.049755,-0.008215,0.135330,0.001831,0.238414,0.375757,0.375179,0.813146,61.079661,-25.606871,132.044644
53472,NaN,4.191445,7.786527,4.449739,0.157219,0.014682,0.085466,-0.022121,0.086561,0.014522,0.238263,0.375412,0.375229,0.813326,61.053108,-25.585533,132.092069
53473,NaN,4.258604,7.759036,4.451472,0.116654,0.076282,0.093600,-0.027097,0.043142,0.023593,0.238164,0.375253,0.375190,0.813447,61.032790,-25.580851,132.118567
53474,NaN,4.184835,7.629624,4.425159,0.153085,0.092273,-0.051843,-0.018375,-0.003409,0.027512,0.238122,0.375303,0.375123,0.813467,61.028267,-25.590965,132.119967
53475,NaN,4.246461,7.712729,4.436401,0.118363,0.086305,0.045244,-0.008256,-0.051161,0.028062,0.238146,0.375562,0.375041,0.813379,61.041171,-25.614831,132.095092
53476,NaN,4.224300,7.639270,4.430284,0.140083,0.111797,-0.025020,0.002039,-0.081029,0.025695,0.238218,0.375948,0.374968,0.813212,61.067259,-25.645558,132.052765
53477,NaN,4.346152,7.668270,4.448015,0.084794,0.183002,0.058258,0.020565,-0.092369,0.017482,0.238311,0.376384,0.374973,0.812981,61.107696,-25.675018,132.001761
53478,NaN,4.432637,7.643662,4.153035,-0.190500,0.130127,-0.052139,0.034423,-0.060566,0.011065,0.238344,0.376698,0.375084,0.812775,61.149410,-25.692694,131.966273
53479,NaN,4.480761,7.704369,4.096619,-0.264976,0.104228,-0.007805,0.046290,-0.005256,0.007481,0.238265,0.376797,0.375317,0.812645,61.185390,-25.693334,131.960351
53480,NaN,4.380790,7.731868,3.989747,-0.289994,-0.021472,-0.075818,0.045289,0.057246,0.003503,0.238087,0.376631,0.375626,0.812631,61.205897,-25.674653,131.988157
53481,NaN,4.290691,7.772017,4.047700,-0.194731,-0.076634,-0.057978,0.049178,0.095507,0.006053,0.237818,0.376317,0.375992,0.812686,61.218870,-25.646611,132.038412
53482,NaN,4.252171,7.870850,4.186415,-0.073998,-0.098631,0.063653,0.025793,0.089535,0.018827,0.237553,0.376025,0.376232,0.812787,61.218418,-25.626728,132.088889
53483,NaN,4.232768,7.879374,4.320863,0.040584,-0.056652,0.120382,0.016061,0.088624,0.024841,0.237280,0.375735,0.376418,0.812915,61.211498,-25.610243,132.141317
53484,NaN,4.204924,7.933783,4.419385,0.128096,-0.065118,0.194141,0.003650,0.048457,0.040766,0.237046,0.375625,0.376478,0.813007,61.205371,-25.612704,132.175620
53485,NaN,4.173675,7.847186,4.385538,0.129849,-0.049761,0.097484,0.004249,0.018323,0.049299,0.236830,0.375651,0.376488,0.813053,61.205387,-25.627675,132.196256
53486,NaN,4.096171,7.832772,4.425083,0.212126,-0.077927,0.069681,-0.002324,-0.016979,0.050435,0.236690,0.375818,0.376427,0.813044,61.210309,-25.653047,132.197082
53487,NaN,4.078649,7.839078,4.425183,0.226388,-0.096466,0.066999,-0.009206,-0.045551,0.049681,0.236617,0.376096,0.376308,0.812992,61.218787,-25.686360,132.181671
53488,NaN,4.140104,7.772452,4.458307,0.226619,-0.004364,0.055270,-0.020122,-0.053656,0.044839,0.236603,0.376381,0.376142,0.812941,61.223121,-25.719040,132.160335
53489,NaN,4.184383,7.663246,4.474434,0.227541,0.094647,-0.004823,-0.025599,-0.049692,0.037618,0.236620,0.376630,0.375974,0.812899,61.224597,-25.747074,132.138967
53490,NaN,4.223709,7.677657,4.536566,0.254153,0.136307,0.050547,-0.022629,-0.034872,0.023094,0.236663,0.376795,0.375861,0.812862,61.225860,-25.763652,132.121435
53491,NaN,4.207501,7.638189,4.442264,0.194905,0.107641,-0.028561,-0.013059,-0.018870,0.004147,0.236734,0.376868,0.375842,0.812816,61.231153,-25.766187,132.107269
53492,NaN,4.202046,7.638027,4.311263,0.094901,0.048515,-0.087860,-0.003603,0.005437,-0.008496,0.236794,0.376832,0.375914,0.812782,61.237753,-25.755781,132.102541
53493,NaN,4.258064,7.660085,4.272918,0.027219,0.059669,-0.062737,0.017225,0.039117,-0.031841,0.236846,0.376637,0.376154,0.812747,61.250955,-25.724214,132.109857
53494,NaN,4.139127,7.705728,4.278073,0.096046,-0.039096,-0.076068,0.022361,0.048681,-0.045747,0.236927,0.376385,0.376452,0.812701,61.266907,-25.683179,132.117857
53495,NaN,4.150248,7.764666,4.194966,0.015304,-0.095045,-0.060608,0.052201,0.055258,-0.059860,0.236994,0.376115,0.376906,0.812596,61.300161,-25.633360,132.125559
53496,NaN,3.992381,7.914172,4.258488,0.144089,-0.254162,0.016991,0.044417,0.048278,-0.048653,0.237046,0.375886,0.377299,0.812505,61.329226,-25.590981,132.132485
53497,NaN,4.092094,7.921067,4.216385,0.049038,-0.202869,0.047479,0.026684,0.013659,-0.031758,0.237127,0.375804,0.377547,0.812404,61.353765,-25.566353,132.125847
53498,NaN,4.081776,7.965611,4.255660,0.082780,-0.214741,0.095366,0.017086,-0.020053,-0.019308,0.237240,0.375875,0.377692,0.812271,61.379741,-25.557498,132.103653
53499,NaN,4.225503,8.005003,4.228356,-0.026430,-0.150172,0.176842,0.029207,-0.048082,-0.016511,0.237370,0.376081,0.377850,0.812064,61.419220,-25.557895,132.066809
53500,NaN,4.285643,8.027445,4.185183,-0.094048,-0.138928,0.202013,0.018593,-0.070363,-0.005067,0.237518,0.376385,0.377915,0.811850,61.456299,-25.569964,132.020887
53501,NaN,4.391897,8.019400,4.240199,-0.108388,-0.037012,0.265294,0.008740,-0.072195,-0.002390,0.237673,0.376689,0.377933,0.811655,61.487681,-25.584035,131.975249
53502,NaN,4.440607,7.926089,4.284144,-0.087588,0.072000,0.231361,0.007061,-0.089140,0.005460,0.237835,0.377075,0.377909,0.811440,61.521338,-25.606489,131.922007
53503,NaN,4.215773,7.872097,4.289380,0.064179,-0.043055,0.093647,0.016501,-0.089711,-0.000827,0.237998,0.377460,0.377932,0.811202,61.560735,-25.626163,131.867602
53504,NaN,4.283408,7.906556,4.277577,0.016491,-0.021701,0.145131,0.010012,-0.065473,-0.005830,0.238156,0.377732,0.377969,0.811011,61.591889,-25.636414,131.824124
53505,NaN,4.411280,7.889432,4.333747,-0.011436,0.100286,0.210970,-0.012809,-0.018447,-0.006774,0.238266,0.377786,0.377972,0.810953,61.598760,-25.633826,131.807112
53506,NaN,4.437385,7.833551,4.238948,-0.098043,0.111602,0.137263,-0.018397,0.036406,-0.007610,0.238291,0.377608,0.378019,0.811006,61.589238,-25.615399,131.820040
53507,NaN,4.331612,7.774450,4.211066,-0.055338,0.066469,0.032643,-0.013436,0.078767,-0.028007,0.238308,0.377226,0.378176,0.811106,61.575050,-25.575176,131.850686
53508,NaN,4.244922,7.839275,4.205350,-0.020737,-0.029140,0.044151,-0.008487,0.088159,-0.032485,0.238318,0.376802,0.378371,0.811209,61.562005,-25.530092,131.884979
53509,NaN,4.126773,7.827939,4.141538,-0.005164,-0.124742,-0.043162,0.000399,0.085023,-0.032947,0.238318,0.376401,0.378601,0.811288,61.554945,-25.485582,131.917528
53510,NaN,4.040813,7.829190,4.084444,-0.003566,-0.203689,-0.103642,-0.005756,0.052121,-0.028161,0.238374,0.376135,0.378756,0.811322,61.551611,-25.452505,131.932982
53511,NaN,4.016782,7.770552,4.114072,0.038031,-0.168453,-0.147710,-0.002192,0.003834,-0.018247,0.238472,0.376091,0.378852,0.811269,61.561020,-25.437760,131.924408
53512,NaN,4.018020,7.703718,4.139739,0.065901,-0.113190,-0.189172,0.019675,-0.048805,-0.019942,0.238637,0.376280,0.378975,0.811076,61.595383,-25.436353,131.886040
53513,NaN,4.154000,7.785612,4.153215,-0.010065,-0.061804,-0.059906,0.014195,-0.052294,-0.012780,0.238786,0.376486,0.379056,0.810898,61.625876,-25.439450,131.848812
53514,NaN,4.216117,7.739466,4.138383,-0.050270,0.003243,-0.076228,0.004827,-0.068133,-0.003253,0.238948,0.376768,0.379064,0.810716,61.654213,-25.451680,131.804680
53515,NaN,4.274555,7.740195,4.218242,-0.016955,0.078640,-0.016284,0.019828,-0.072369,-0.003844,0.239089,0.377085,0.379130,0.810496,61.692392,-25.464993,131.758258
53516,NaN,4.318323,7.924066,4.207335,-0.065572,-0.003845,0.144023,0.019367,-0.049898,-0.013836,0.239232,0.377290,0.379239,0.810308,61.726072,-25.466884,131.721109
53517,NaN,4.466303,7.954151,4.335547,-0.053879,0.135284,0.286429,-0.021356,-0.013197,-0.001163,0.239329,0.377321,0.379203,0.810281,61.726022,-25.465289,131.708543
53518,NaN,4.496510,7.825613,4.346100,-0.052715,0.237390,0.201716,-0.030793,0.038048,-0.004301,0.239361,0.377128,0.379196,0.810365,61.708599,-25.448111,131.723410
53519,NaN,4.412692,7.824696,4.290886,-0.051132,0.158439,0.141291,-0.027649,0.071778,-0.010553,0.239349,0.376790,0.379255,0.810498,61.685903,-25.418458,131.755190
53520,NaN,4.321516,7.811417,4.204688,-0.069510,0.069265,0.054607,-0.020714,0.083578,-0.012975,0.239311,0.376407,0.379359,0.810638,61.664492,-25.384518,131.792846
53521,NaN,4.206996,7.730505,4.169125,-0.026547,0.027175,-0.074121,-0.018202,0.080076,-0.013593,0.239273,0.376043,0.379471,0.810766,61.645655,-25.351634,131.828610
53522,NaN,4.155519,7.738826,4.197853,0.021477,0.002023,-0.077223,-0.018417,0.044864,-0.010748,0.239295,0.375825,0.379534,0.810832,61.634571,-25.329332,131.845298
53523,NaN,4.102419,7.742647,4.170389,0.029313,-0.046811,-0.108692,-0.014821,-0.003424,-0.000852,0.239360,0.375825,0.379535,0.810812,61.635774,-25.325205,131.838323
53524,NaN,4.141016,7.703968,4.159338,0.002764,-0.001862,-0.127687,-0.003226,-0.051719,0.001261,0.239488,0.376039,0.379521,0.810681,61.654900,-25.335242,131.804748
53525,NaN,4.131754,7.666062,4.192241,0.044043,0.029922,-0.147702,0.023835,-0.101567,0.004875,0.239642,0.376496,0.379552,0.810409,61.701192,-25.360841,131.744571
53526,NaN,4.196651,7.634942,4.070848,-0.076827,0.044261,-0.196651,0.099546,-0.146927,-0.029464,0.239882,0.377160,0.379898,0.809867,61.805976,-25.381129,131.648559
53527,NaN,4.322692,8.039425,4.060638,-0.188748,-0.108306,0.175277,0.091010,-0.115860,-0.026878,0.240063,0.377687,0.380239,0.809408,61.897183,-25.394099,131.571861
53528,NaN,4.348783,8.021858,4.149195,-0.121237,-0.036016,0.210383,0.040152,-0.116503,-0.007082,0.240266,0.378199,0.380339,0.809061,61.957859,-25.417235,131.499462
53529,NaN,4.412455,7.900626,4.180296,-0.113803,0.096239,0.154374,0.035969,-0.079266,-0.008061,0.240410,0.378552,0.380470,0.808792,62.007423,-25.429625,131.447672
53530,NaN,4.394555,7.979292,4.281146,-0.026401,0.084921,0.252178,0.021042,-0.006763,-0.018378,0.240486,0.378576,0.380645,0.808676,62.032242,-25.417441,131.433340
53531,NaN,4.279901,7.891688,4.263444,0.036742,0.056203,0.125559,0.018227,0.046325,-0.021144,0.240476,0.378378,0.380880,0.808661,62.043432,-25.389781,131.447853
53532,NaN,4.182272,7.727824,4.141190,0.012885,0.040247,-0.098866,0.041215,0.050558,-0.032712,0.240463,0.378167,0.381233,0.808597,62.067857,-25.354943,131.461387
53533,NaN,4.186768,7.837862,4.074975,-0.054747,-0.042211,-0.037119,0.069216,0.072930,-0.053457,0.240434,0.377859,0.381765,0.808498,62.105564,-25.303850,131.481724
53534,NaN,4.146752,7.973279,3.988510,-0.115345,-0.178265,0.017463,0.036124,0.073836,-0.042633,0.240426,0.377528,0.382144,0.808476,62.122768,-25.257763,131.505384
53535,NaN,4.097806,7.784509,4.019739,-0.045675,-0.079766,-0.141056,0.012582,0.067038,-0.025253,0.240403,0.377228,0.382387,0.808508,62.125734,-25.222205,131.530791
53536,NaN,3.942268,7.726379,4.036886,0.064603,-0.138602,-0.246525,0.013740,0.030353,-0.024157,0.240446,0.377081,0.382588,0.808469,62.138177,-25.197129,131.535579
53537,NaN,3.971328,7.740901,4.043328,0.051201,-0.120302,-0.219753,0.021869,-0.020056,-0.023940,0.240567,0.377150,0.382763,0.808318,62.167604,-25.185746,131.512168
53538,NaN,4.095884,7.794385,4.069790,-0.003991,-0.051568,-0.112728,0.035511,-0.065916,-0.019649,0.240735,0.377427,0.382927,0.808061,62.214888,-25.188691,131.464401
53539,NaN,4.217853,7.907196,4.090024,-0.066359,-0.022936,0.038069,0.025262,-0.078256,-0.011017,0.240907,0.377755,0.383019,0.807813,62.257739,-25.199204,131.412956
53540,NaN,4.249378,7.925174,4.015356,-0.140250,-0.041824,0.034508,0.020340,-0.079183,-0.009664,0.241088,0.378087,0.383088,0.807571,62.298264,-25.210683,131.360681
53541,NaN,4.283176,8.002942,4.067784,-0.120592,-0.039820,0.133337,0.010970,-0.077957,0.001497,0.241238,0.378422,0.383100,0.807363,62.331779,-25.227370,131.312555
53542,NaN,4.373393,8.028881,4.055169,-0.181808,0.001964,0.187354,0.007857,-0.060349,0.003140,0.241355,0.378687,0.383116,0.807196,62.359078,-25.240283,131.274584
53543,NaN,4.365479,7.999160,4.067002,-0.160788,0.020206,0.165198,-0.001360,-0.041649,0.004915,0.241442,0.378868,0.383115,0.807086,62.376353,-25.249334,131.248076
53544,NaN,4.292222,8.011037,4.038029,-0.139347,-0.048769,0.131344,-0.008437,-0.011134,0.008892,0.241472,0.378926,0.383114,0.807050,62.381828,-25.252075,131.239406
53545,NaN,4.367874,7.921697,4.117687,-0.112125,0.090254,0.125433,-0.007735,0.027421,0.012860,0.241405,0.378838,0.383155,0.807092,62.377998,-25.247098,131.254063
53546,NaN,4.404583,7.946202,4.159837,-0.105547,0.118888,0.178381,-0.029492,0.055026,0.012993,0.241332,0.378611,0.383141,0.807227,62.355061,-25.234340,131.283726
53547,NaN,4.309177,7.841828,4.093280,-0.096393,0.086054,0.026089,-0.029599,0.088752,0.009769,0.241199,0.378243,0.383173,0.807424,62.324363,-25.211633,131.332040
53548,NaN,4.201881,7.848210,4.041116,-0.081318,-0.013319,-0.036490,-0.030920,0.107168,0.005286,0.241060,0.377789,0.383231,0.807651,62.289159,-25.181053,131.388644
53549,NaN,4.112915,7.829210,4.034311,-0.039383,-0.065673,-0.092482,-0.041758,0.108541,0.008576,0.240920,0.377322,0.383241,0.807906,62.246974,-25.151985,131.447437
53550,NaN,4.111605,7.823071,4.119060,0.021578,-0.026923,-0.062241,-0.052416,0.084925,0.010379,0.240843,0.376942,0.383175,0.808138,62.204188,-25.129853,131.493014
53551,NaN,4.159129,7.872009,4.227882,0.068153,0.022252,0.043109,-0.052786,0.048514,0.011497,0.240829,0.376709,0.383063,0.808303,62.169702,-25.118114,131.518897
53552,NaN,4.177397,7.907766,4.327637,0.128621,0.054599,0.121714,-0.053501,0.010745,0.020229,0.240856,0.376646,0.382885,0.808409,62.142711,-25.120773,131.525840
53553,NaN,4.194213,7.874910,4.321560,0.115775,0.079454,0.100021,-0.044914,-0.028124,0.025712,0.240919,0.376762,0.382687,0.808430,62.129572,-25.136677,131.512555
53554,NaN,4.235509,7.897757,4.361878,0.122373,0.108142,0.152924,-0.031538,-0.058141,0.029747,0.240998,0.377022,0.382496,0.808375,62.130344,-25.162605,131.483773
53555,NaN,4.193446,7.916186,4.286055,0.089757,0.032294,0.117678,-0.024937,-0.082089,0.033250,0.241098,0.377398,0.382302,0.808262,62.141098,-25.196764,131.441917
53556,NaN,4.193589,7.900886,4.252969,0.070245,0.023520,0.091475,-0.027087,-0.093898,0.031025,0.241232,0.377810,0.382084,0.808133,62.152829,-25.232903,131.393468
53557,NaN,4.258945,7.855422,4.162235,-0.030455,0.051196,0.044641,-0.035575,-0.113899,0.036663,0.241394,0.378301,0.381797,0.807991,62.163531,-25.277298,131.336042
53558,NaN,4.339328,7.894891,4.261333,0.002529,0.120607,0.152426,-0.043227,-0.112524,0.036848,0.241571,0.378779,0.381480,0.807863,62.169823,-25.321355,131.278829
53559,NaN,4.434013,7.916437,4.252144,-0.058589,0.162534,0.206361,-0.062135,-0.095115,0.038342,0.241741,0.379168,0.381106,0.807807,62.161030,-25.361702,131.232078
53560,NaN,4.455126,7.881911,4.244306,-0.071477,0.187350,0.184641,-0.075080,-0.062296,0.044373,0.241851,0.379419,0.380706,0.807844,62.136127,-25.396142,131.205236
53561,NaN,4.531254,7.859219,4.222590,-0.132092,0.235639,0.190156,-0.086392,-0.020622,0.052096,0.241868,0.379504,0.380297,0.807992,62.093744,-25.423655,131.204464
53562,NaN,4.579652,7.890906,4.300142,-0.105440,0.274724,0.269189,-0.092701,0.022624,0.063340,0.241774,0.379427,0.379894,0.808246,62.035886,-25.444938,131.230902
53563,NaN,4.629480,7.853107,4.407581,-0.051451,0.367241,0.306236,-0.118275,0.047154,0.075628,0.241629,0.379241,0.379393,0.808612,61.955694,-25.465816,131.275187
53564,NaN,4.593335,7.810014,4.404112,-0.036826,0.355031,0.255272,-0.134388,0.079980,0.084865,0.241418,0.378922,0.378849,0.809079,61.857323,-25.482438,131.340245
53565,NaN,4.565657,7.787182,4.410925,-0.022393,0.339595,0.228519,-0.140527,0.081822,0.097817,0.241158,0.378614,0.378257,0.809578,61.753353,-25.505388,131.410569
53566,NaN,4.523940,7.716695,4.477423,0.052979,0.367833,0.183442,-0.141956,0.083380,0.107611,0.240862,0.378315,0.377643,0.810092,61.646793,-25.532349,131.484464
53567,NaN,4.531404,7.713822,4.469160,0.033263,0.355897,0.181424,-0.140724,0.074132,0.121687,0.240524,0.378082,0.376997,0.810602,61.541521,-25.568793,131.557402
53568,NaN,4.492573,7.705430,4.584893,0.141811,0.368034,0.208416,-0.139688,0.055471,0.135526,0.240163,0.377951,0.376305,0.811092,61.439181,-25.617197,131.624336
53569,NaN,4.529327,7.764443,4.601766,0.121453,0.346560,0.279029,-0.142969,0.030907,0.151326,0.239785,0.377947,0.375539,0.811560,61.338861,-25.680766,131.682739
53570,NaN,4.466070,7.750442,4.685272,0.223615,0.328267,0.277362,-0.149052,0.000161,0.169046,0.239409,0.378092,0.374679,0.812001,61.239853,-25.761026,131.729322
53571,NaN,4.482969,7.807081,4.725172,0.237141,0.300278,0.347446,-0.171957,-0.028146,0.174378,0.239107,0.378336,0.373682,0.812436,61.134122,-25.851963,131.761737
53572,NaN,4.619076,7.903997,4.688765,0.114607,0.292475,0.468110,-0.198594,-0.050550,0.185562,0.238852,0.378656,0.372527,0.812892,61.016547,-25.954402,131.785542
53573,NaN,4.601799,7.932723,4.692200,0.121850,0.237176,0.485380,-0.228073,-0.046536,0.194007,0.238608,0.378938,0.371240,0.813421,60.879436,-26.059862,131.814905
53574,NaN,4.630989,7.873074,4.722628,0.129229,0.275478,0.465536,-0.273798,-0.028175,0.201978,0.238387,0.379107,0.369773,0.814075,60.710695,-26.164150,131.856883
53575,NaN,4.576185,7.804705,4.720477,0.157702,0.246190,0.387910,-0.319700,0.005790,0.211541,0.238147,0.379100,0.368141,0.814887,60.505690,-26.263748,131.921345
53576,NaN,4.619428,7.787369,4.702094,0.104084,0.240872,0.386475,-0.364539,0.054198,0.235215,0.237808,0.378884,0.366337,0.815899,60.259481,-26.360991,132.020504
53577,NaN,4.584193,7.626787,4.755844,0.166471,0.298522,0.271148,-0.401744,0.076785,0.253869,0.237422,0.378562,0.364372,0.817040,59.983283,-26.460508,132.138693
53578,NaN,4.613894,7.496673,4.804725,0.180922,0.376610,0.207229,-0.416513,0.084124,0.263381,0.237010,0.378210,0.362335,0.818228,59.695012,-26.562242,132.264678
53579,NaN,4.664901,7.432282,4.750691,0.093886,0.384197,0.157896,-0.419745,0.078192,0.279836,0.236550,0.377907,0.360246,0.819423,59.403915,-26.672981,132.392732
53580,NaN,4.633644,7.484162,4.710202,0.054019,0.268320,0.167001,-0.431474,0.085741,0.300625,0.236007,0.377592,0.358075,0.820675,59.100111,-26.791420,132.533228
53581,NaN,4.641409,7.513520,4.559775,-0.093684,0.144832,0.124978,-0.448730,0.081846,0.320563,0.235416,0.377307,0.355786,0.821970,58.783397,-26.920543,132.679591
53582,NaN,4.648345,7.515437,4.531293,-0.140327,0.085771,0.116774,-0.457326,0.050558,0.341120,0.234815,0.377173,0.353385,0.823238,58.466016,-27.067906,132.816101
53583,NaN,4.717897,7.588231,4.540329,-0.201316,0.034375,0.207911,-0.473246,0.007522,0.363779,0.234222,0.377242,0.350823,0.824471,58.146389,-27.239350,132.937584
53584,NaN,4.790673,7.589054,4.572648,-0.235110,0.036339,0.256894,-0.497517,-0.036403,0.390882,0.233641,0.377500,0.348055,0.825690,57.818234,-27.435931,133.045825
53585,NaN,4.731098,7.703822,4.615409,-0.194162,-0.122170,0.335276,-0.537558,-0.041007,0.413754,0.233046,0.377771,0.345069,0.826986,57.463861,-27.644818,133.160805
53586,NaN,4.777225,7.657948,4.820428,-0.072709,-0.048954,0.419342,-0.587165,-0.022508,0.435425,0.232421,0.377936,0.341855,0.828420,57.071389,-27.857348,133.295377
53587,NaN,5.002077,7.549845,4.917937,-0.140878,0.134358,0.491129,-0.610445,0.043117,0.436339,0.231722,0.377806,0.338616,0.830004,56.648183,-28.049364,133.467112
53588,NaN,4.999207,7.427324,4.959626,-0.119444,0.158661,0.420354,-0.625329,0.140129,0.446482,0.230840,0.377262,0.335402,0.831800,56.187773,-28.213840,133.697722
53589,NaN,4.803197,7.373856,4.933498,-0.049311,-0.012264,0.275954,-0.645474,0.250256,0.474478,0.229694,0.376283,0.332175,0.833854,55.682164,-28.354927,133.999047
53590,NaN,4.487090,7.172571,4.956955,0.150454,-0.137620,-0.009164,-0.605435,0.282501,0.477083,0.228402,0.375207,0.329140,0.835894,55.188591,-28.484050,134.321144
53591,NaN,4.390522,7.210578,5.066379,0.252601,-0.249483,0.026559,-0.585810,0.287613,0.477759,0.227059,0.374132,0.326187,0.837897,54.703859,-28.609694,134.647451
53592,NaN,4.476223,7.250748,5.064172,0.157831,-0.291023,0.094162,-0.568665,0.247023,0.489694,0.225696,0.373256,0.323232,0.839799,54.235264,-28.751717,134.958712
53593,NaN,4.533100,7.363236,5.230193,0.204370,-0.340728,0.284975,-0.584131,0.191920,0.511845,0.224357,0.372631,0.320106,0.841631,53.767094,-28.920772,135.250206
53594,NaN,4.661128,7.421355,5.160415,0.035208,-0.402542,0.349432,-0.608473,0.120148,0.531103,0.223092,0.372299,0.316753,0.843381,53.296918,-29.120595,135.514375
53595,NaN,4.667432,7.386471,5.354735,0.163827,-0.382836,0.426650,-0.633381,0.007703,0.570464,0.221887,0.372476,0.313097,0.844984,52.832907,-29.375322,135.736042
53596,NaN,4.779898,7.322160,5.241301,0.002322,-0.395733,0.374334,-0.630315,-0.115370,0.599285,0.220738,0.373208,0.309252,0.846377,52.393018,-29.684389,135.909216
53597,NaN,4.902347,7.254301,5.175409,-0.118753,-0.384651,0.349990,-0.613531,-0.221465,0.611496,0.219668,0.374424,0.305336,0.847539,51.986153,-30.035287,136.034393
53598,NaN,4.929381,7.149182,5.404442,0.057133,-0.301430,0.410950,-0.623918,-0.252358,0.615443,0.218641,0.375753,0.301325,0.848651,51.577504,-30.397968,136.149200
53599,NaN,5.163308,6.944215,5.447579,-0.023889,-0.088694,0.412225,-0.629791,-0.225972,0.613746,0.217589,0.376963,0.297319,0.849797,51.157723,-30.750311,136.279367
53600,NaN,5.232990,6.808948,5.472937,-0.029903,-0.027337,0.370472,-0.594824,-0.143334,0.588972,0.216449,0.377808,0.293589,0.851009,50.737664,-31.060376,136.446533
53601,NaN,5.084324,6.801844,5.250860,-0.114932,-0.266629,0.167397,-0.594288,-0.062368,0.573104,0.215260,0.378288,0.289981,0.852333,50.299192,-31.333100,136.650084
53602,NaN,4.854202,6.702671,5.051549,-0.125042,-0.473714,-0.129371,-0.610357,0.037216,0.588556,0.213880,0.378333,0.286371,0.853880,49.817001,-31.574303,136.916639
53603,NaN,4.783249,6.853875,4.882605,-0.252067,-0.761361,-0.166386,-0.575399,0.132690,0.635070,0.212098,0.378075,0.282923,0.855587,49.317159,-31.798689,137.254343
53604,NaN,4.768031,6.792142,4.979628,-0.183798,-0.773180,-0.167391,-0.641366,0.222630,0.657639,0.210210,0.377379,0.279236,0.857569,48.746028,-31.996015,137.652270
53605,NaN,4.796696,6.726239,5.231716,-0.028342,-0.709324,-0.059903,-0.633872,0.225204,0.664652,0.208277,0.376690,0.275572,0.859526,48.175952,-32.192089,138.055799
53606,NaN,5.000454,6.795431,5.369035,-0.090566,-0.688059,0.163616,-0.636408,0.178401,0.658616,0.206428,0.376175,0.271846,0.861382,47.613600,-32.400081,138.438220
53607,NaN,5.255383,6.768473,5.401908,-0.246725,-0.600980,0.296177,-0.636175,0.094259,0.647884,0.204738,0.376012,0.268056,0.863043,47.075632,-32.633733,138.775104
53608,NaN,5.333337,6.663217,5.463025,-0.253120,-0.545698,0.302896,-0.653057,0.008413,0.631034,0.203260,0.376160,0.264125,0.864538,46.550211,-32.890718,139.066808
53609,NaN,5.421079,6.535727,5.449152,-0.312946,-0.490934,0.259921,-0.663473,-0.100180,0.612012,0.202034,0.376751,0.260081,0.865794,46.053007,-33.181049,139.296350
53610,NaN,5.379862,6.340401,5.590467,-0.156355,-0.406166,0.197650,-0.659481,-0.199007,0.574373,0.201077,0.377700,0.256008,0.866816,45.588446,-33.493287,139.466150
53611,NaN,5.232624,6.162506,5.711037,0.055251,-0.395778,0.077331,-0.653336,-0.272302,0.537750,0.200363,0.378931,0.251960,0.867630,45.156542,-33.819400,139.583891
53612,NaN,5.171577,5.951679,5.793844,0.191912,-0.318578,-0.035292,-0.625327,-0.295262,0.473830,0.199893,0.380191,0.248120,0.868294,44.759847,-34.127787,139.664455
53613,NaN,5.250001,5.886883,5.700901,0.084846,-0.324638,-0.086169,-0.596696,-0.282521,0.417664,0.199597,0.381364,0.244527,0.868867,44.392193,-34.408901,139.724152
53614,NaN,5.126564,5.946746,5.551755,0.039357,-0.546555,-0.212333,-0.574447,-0.235586,0.375561,0.199377,0.382283,0.241146,0.869458,44.032303,-34.652625,139.790072
53615,NaN,4.945584,6.021197,5.399042,0.021536,-0.805360,-0.367378,-0.555380,-0.198498,0.361900,0.199152,0.383053,0.237927,0.870057,43.679798,-34.875119,139.864862
53616,NaN,4.888838,6.195407,5.460387,0.069191,-1.020335,-0.270495,-0.546670,-0.167971,0.357685,0.198871,0.383675,0.234763,0.870707,43.319617,-35.082997,139.958313
53617,NaN,4.943309,6.300885,5.416169,-0.025015,-1.148574,-0.213096,-0.561893,-0.128116,0.363088,0.198562,0.384121,0.231575,0.871434,42.940073,-35.275441,140.072223
53618,NaN,5.136454,6.266842,5.496003,-0.093275,-1.061261,-0.079899,-0.582744,-0.063474,0.370171,0.198171,0.384258,0.228329,0.872319,42.523934,-35.443151,140.225778
53619,NaN,5.177019,6.036655,5.591081,-0.024654,-0.889106,-0.132220,-0.556831,-0.011142,0.365268,0.197702,0.384196,0.225270,0.873247,42.111883,-35.585932,140.400002
53620,NaN,5.105150,5.865826,5.545317,-0.002690,-0.853473,-0.299943,-0.506167,-0.014627,0.333132,0.197265,0.384146,0.222473,0.874085,41.734881,-35.716855,140.560595
53621,NaN,5.402834,5.917217,5.340645,-0.367825,-0.840965,-0.227082,-0.461799,-0.048949,0.293522,0.196968,0.384265,0.219929,0.874743,41.408620,-35.847393,140.681000
53622,NaN,5.650746,5.872762,5.203095,-0.631715,-0.755544,-0.193833,-0.455547,-0.081198,0.254138,0.196849,0.384463,0.217436,0.875306,41.101477,-35.975614,140.770928
53623,NaN,5.550543,5.646081,5.242964,-0.507877,-0.652142,-0.352664,-0.441952,-0.111820,0.203375,0.196976,0.384774,0.215088,0.875721,40.830851,-36.098413,140.815625
53624,NaN,5.375710,5.510450,5.505185,-0.182248,-0.606899,-0.369767,-0.404242,-0.157108,0.128779,0.197388,0.385215,0.212984,0.875948,40.612269,-36.212056,140.804745
53625,NaN,5.292034,5.379593,5.508397,-0.106236,-0.570010,-0.487891,-0.354213,-0.211110,0.062756,0.198068,0.385880,0.211192,0.875936,40.462196,-36.324023,140.729623
53626,NaN,5.357626,5.321981,5.591809,-0.072307,-0.493753,-0.429356,-0.297567,-0.219024,-0.000674,0.198906,0.386557,0.209742,0.875796,40.362862,-36.416639,140.620777
53627,NaN,5.297877,5.315426,5.398635,-0.178525,-0.575432,-0.587531,-0.241200,-0.196774,-0.048438,0.199832,0.387161,0.208669,0.875575,40.309485,-36.482620,140.492435
53628,NaN,5.072378,5.418780,5.242072,-0.176482,-0.818691,-0.764477,-0.187949,-0.153126,-0.081892,0.200743,0.387572,0.207920,0.875363,40.281318,-36.516521,140.369866
53629,NaN,5.110237,5.628332,5.194808,-0.277600,-0.986325,-0.662345,-0.149046,-0.086113,-0.110426,0.201648,0.387710,0.207481,0.875198,40.270006,-36.510402,140.259279
53630,NaN,5.152016,5.770641,5.131844,-0.385573,-1.094707,-0.602241,-0.124135,0.005394,-0.123361,0.202452,0.387447,0.207251,0.875183,40.248348,-36.459700,140.187211
53631,NaN,5.246173,5.792149,5.149767,-0.446210,-1.054672,-0.523986,-0.096513,0.094922,-0.128487,0.203146,0.386826,0.207261,0.875294,40.223445,-36.367674,140.150085
53632,NaN,5.358892,5.761430,5.290720,-0.419532,-0.933313,-0.386320,-0.067506,0.173408,-0.132430,0.203706,0.385875,0.207466,0.875535,40.191243,-36.240151,140.150316
53633,NaN,5.332846,5.639279,5.361482,-0.344269,-0.817985,-0.421280,-0.029555,0.186134,-0.154973,0.204292,0.384889,0.207911,0.875727,40.187880,-36.097838,140.141118
53634,NaN,5.310941,5.563406,5.463195,-0.255843,-0.729054,-0.410184,0.000921,0.165567,-0.191201,0.204985,0.383980,0.208521,0.875819,40.215707,-35.952011,140.105947
53635,NaN,5.120925,5.521686,5.512424,-0.105400,-0.762510,-0.511766,0.037442,0.105970,-0.227960,0.205844,0.383342,0.209318,0.875707,40.295632,-35.818270,140.020524
53636,NaN,5.055245,5.406058,5.403118,-0.131070,-0.700591,-0.676682,0.081007,0.020717,-0.265492,0.206859,0.383070,0.210271,0.875358,40.430923,-35.708034,139.879767
53637,NaN,5.152309,5.419116,5.262943,-0.299464,-0.662536,-0.697701,0.126067,-0.054701,-0.307865,0.208066,0.383141,0.211443,0.874759,40.628639,-35.614134,139.678929
53638,NaN,5.299181,5.412422,5.141687,-0.475112,-0.573996,-0.688145,0.155584,-0.104468,-0.351016,0.209443,0.383402,0.212755,0.873998,40.865575,-35.525489,139.436227
53639,NaN,5.275593,5.384683,5.237305,-0.372969,-0.507810,-0.655234,0.183984,-0.120291,-0.388630,0.210956,0.383731,0.214261,0.873121,41.137056,-35.428600,139.164287
53640,NaN,5.119461,5.348975,5.292215,-0.216256,-0.511077,-0.728644,0.216683,-0.148888,-0.427346,0.212594,0.384165,0.215937,0.872120,41.442663,-35.328354,138.862302
53641,NaN,5.276622,5.315924,5.319978,-0.270309,-0.349904,-0.636182,0.261090,-0.166607,-0.468873,0.214358,0.384683,0.217884,0.870974,41.793324,-35.217929,138.528390
53642,NaN,5.385261,5.351527,5.105152,-0.492977,-0.316181,-0.682561,0.317140,-0.119074,-0.514260,0.216146,0.384994,0.220193,0.869813,42.172121,-35.068705,138.197489
53643,NaN,5.208167,5.450835,5.029798,-0.451144,-0.453859,-0.772462,0.340945,-0.044509,-0.536463,0.217907,0.384975,0.222739,0.868733,42.550633,-34.876426,137.891003
53644,NaN,5.072471,5.427834,4.968413,-0.402533,-0.465070,-0.896530,0.372681,0.007117,-0.548311,0.219592,0.384752,0.225488,0.867699,42.933101,-34.657288,137.606347
53645,NaN,5.007131,5.615773,5.074461,-0.314318,-0.568028,-0.760800,0.379904,0.044527,-0.541452,0.221190,0.384383,0.228302,0.866720,43.307013,-34.423704,137.344406
53646,NaN,4.880468,5.493602,5.463615,0.091885,-0.393201,-0.664661,0.374326,0.039128,-0.525856,0.222733,0.384039,0.231045,0.865750,43.670731,-34.197084,137.091371
53647,NaN,5.171475,5.430593,5.638011,0.070719,-0.078164,-0.431257,0.406718,0.003841,-0.524161,0.224249,0.383880,0.233892,0.864663,44.061111,-33.983455,136.823938
53648,NaN,5.261270,5.413767,5.679222,0.064107,0.058758,-0.366233,0.430080,-0.033448,-0.533009,0.225795,0.383895,0.236803,0.863461,44.473877,-33.780932,136.537415
53649,NaN,5.215514,5.411927,5.429109,-0.083470,0.039649,-0.541395,0.466407,-0.083532,-0.544473,0.227378,0.384144,0.239840,0.862096,44.922289,-33.591555,136.223604
53650,NaN,5.222329,5.483027,5.084944,-0.346156,-0.029684,-0.698310,0.478859,-0.141461,-0.551488,0.229032,0.384648,0.242868,0.860584,45.392643,-33.421495,135.880559
53651,NaN,5.428831,5.497292,5.031572,-0.488277,0.131486,-0.606546,0.500168,-0.174584,-0.550206,0.230687,0.385314,0.245958,0.858965,45.883640,-33.261719,135.522616
53652,NaN,5.693150,5.592059,5.185919,-0.516230,0.316957,-0.314822,0.493112,-0.214056,-0.550587,0.232392,0.386136,0.248955,0.857272,46.377352,-33.116023,135.148917
53653,NaN,5.872888,5.591336,5.315605,-0.489467,0.523564,-0.143388,0.492005,-0.231679,-0.567057,0.234190,0.387003,0.251962,0.855511,46.878214,-32.967031,134.760645
53654,NaN,5.936652,5.533983,5.444955,-0.380961,0.707794,-0.072577,0.507305,-0.219486,-0.587341,0.236024,0.387806,0.255076,0.853719,47.386755,-32.802571,134.371549
53655,NaN,5.662728,5.529063,5.441781,-0.189928,0.618840,-0.229865,0.531868,-0.161093,-0.599721,0.237787,0.388366,0.258391,0.851976,47.895052,-32.606943,134.008334
53656,NaN,5.278553,5.581336,5.318909,-0.045844,0.390098,-0.477248,0.573686,-0.062415,-0.608148,0.239370,0.388538,0.262006,0.850349,48.398920,-32.367797,133.694519
53657,NaN,5.077953,5.676849,5.341914,0.090485,0.280200,-0.514245,0.610481,0.037095,-0.609899,0.240757,0.388320,0.265902,0.848846,48.895147,-32.087407,133.433522
53658,NaN,4.966736,5.858409,5.492465,0.253136,0.197627,-0.375903,0.614331,0.099710,-0.602942,0.242017,0.387844,0.269864,0.847454,49.371154,-31.785218,133.211575
53659,NaN,4.830796,6.004915,5.474176,0.301066,0.082031,-0.364709,0.601041,0.134202,-0.586385,0.243183,0.387211,0.273779,0.846153,49.823413,-31.474744,133.018637
53660,NaN,4.589188,5.994953,5.433459,0.424244,0.006129,-0.520643,0.590734,0.096252,-0.560632,0.244306,0.386764,0.277544,0.844806,50.271657,-31.189443,132.820247
53661,NaN,4.552635,6.098377,5.429464,0.438128,-0.018115,-0.474431,0.577917,0.021962,-0.542345,0.245479,0.386626,0.281131,0.843342,50.726025,-30.936858,132.594643
53662,NaN,4.721345,6.225548,5.403140,0.316198,0.060596,-0.318564,0.557854,-0.069817,-0.519139,0.246714,0.386885,0.284465,0.841743,51.185872,-30.727307,132.333964
53663,NaN,4.913420,6.223704,5.354420,0.194379,0.238047,-0.249679,0.540489,-0.157984,-0.504524,0.248044,0.387499,0.287589,0.840007,51.653697,-30.552971,132.036659
53664,NaN,5.087123,6.263475,5.210293,0.005192,0.344157,-0.213823,0.526381,-0.233252,-0.497436,0.249475,0.388425,0.290537,0.838138,52.130472,-30.407366,131.704343
53665,NaN,5.402816,6.359520,5.252396,-0.124033,0.556022,0.030919,0.503426,-0.277761,-0.499162,0.251020,0.389492,0.293338,0.836204,52.604284,-30.273172,131.350476
53666,NaN,5.565517,6.319154,5.395896,-0.056297,0.795346,0.156576,0.466653,-0.285547,-0.498333,0.252640,0.390550,0.295964,0.834296,53.057672,-30.140586,130.993905
53667,NaN,5.488658,6.342037,5.554635,0.147093,0.838672,0.211051,0.451891,-0.275577,-0.504371,0.254299,0.391523,0.298554,0.832410,53.499265,-29.998049,130.642348
53668,NaN,5.395672,6.364031,5.628990,0.289953,0.846978,0.212174,0.448248,-0.238786,-0.511443,0.255933,0.392332,0.301181,0.830580,53.928969,-29.838818,130.309003
53669,NaN,5.397032,6.407310,5.584822,0.276860,0.868608,0.214290,0.457777,-0.187498,-0.511762,0.257465,0.392924,0.303910,0.828831,54.347734,-29.659482,130.006372
53670,NaN,5.351527,6.481923,5.529861,0.270801,0.836436,0.210295,0.471298,-0.090930,-0.503447,0.258789,0.393152,0.306798,0.827245,54.746247,-29.450662,129.759313
53671,NaN,5.356142,6.627213,5.466641,0.210157,0.789225,0.278147,0.470313,0.006313,-0.491645,0.259911,0.392980,0.309782,0.825862,55.113576,-29.213325,129.572493
53672,NaN,5.206215,6.690506,5.520273,0.339552,0.730241,0.271559,0.461944,0.078099,-0.475311,0.260871,0.392530,0.312788,0.824639,55.453523,-28.959856,129.431258
53673,NaN,5.010169,6.760759,5.438787,0.381107,0.592043,0.182009,0.462374,0.086669,-0.446816,0.261697,0.392079,0.315751,0.823462,55.784583,-28.715650,129.307774
53674,NaN,4.978808,6.889384,5.372289,0.334286,0.527433,0.223417,0.434056,0.030325,-0.423138,0.262567,0.391864,0.318470,0.822240,56.108844,-28.500864,129.163773
53675,NaN,4.921559,6.933424,5.148302,0.193063,0.445617,0.115204,0.409621,-0.040812,-0.382370,0.263426,0.391965,0.320916,0.820965,56.429008,-28.327065,128.998297
53676,NaN,4.915241,6.965782,5.059293,0.139623,0.443054,0.089945,0.378610,-0.126409,-0.361093,0.264395,0.392412,0.323074,0.819592,56.748975,-28.189998,128.794633
53677,NaN,4.908820,7.020952,5.036516,0.140188,0.441846,0.114128,0.340179,-0.216967,-0.345526,0.265521,0.393200,0.324927,0.818117,57.066868,-28.087373,128.548485
53678,NaN,4.988795,7.042897,5.275475,0.316335,0.601971,0.279808,0.299876,-0.285652,-0.338722,0.266807,0.394225,0.326503,0.816576,57.377236,-28.008505,128.267892
53679,NaN,5.037917,7.018933,5.406381,0.431880,0.732690,0.343663,0.267552,-0.323068,-0.341904,0.268227,0.395351,0.327905,0.815003,57.678847,-27.938129,127.966672
53680,NaN,5.096725,6.993155,5.591521,0.587971,0.887586,0.434860,0.259626,-0.327399,-0.350433,0.269705,0.396468,0.329280,0.813417,57.977503,-27.863702,127.660468
53681,NaN,5.196006,7.101636,5.544169,0.507155,0.911863,0.535289,0.264905,-0.305213,-0.367344,0.271202,0.397470,0.330741,0.811836,58.275820,-27.772777,127.361451
53682,NaN,5.216140,7.250774,5.432478,0.406159,0.837884,0.600115,0.273632,-0.250454,-0.382986,0.272653,0.398233,0.332336,0.810323,58.566364,-27.656577,127.088050
53683,NaN,5.154012,7.405530,5.324180,0.345931,0.706131,0.634041,0.266958,-0.172993,-0.373602,0.273945,0.398686,0.333992,0.808982,58.831121,-27.520705,126.861844
53684,NaN,5.086640,7.524899,5.286114,0.346590,0.614758,0.672674,0.234493,-0.107601,-0.345543,0.275081,0.398875,0.335546,0.807860,59.055089,-27.378458,126.681791
53685,NaN,5.036282,7.563203,5.213882,0.320330,0.571903,0.642978,0.219422,-0.085532,-0.304480,0.276040,0.399021,0.336988,0.806860,59.258057,-27.249315,126.528680
53686,NaN,5.029742,7.662644,5.094318,0.219463,0.503390,0.659410,0.198721,-0.081485,-0.277082,0.276925,0.399166,0.338293,0.805938,59.443206,-27.132053,126.387141
53687,NaN,4.964922,7.664590,4.983950,0.172996,0.452451,0.579687,0.168186,-0.080461,-0.242073,0.277725,0.399324,0.339409,0.805116,59.605113,-27.031385,126.258359
53688,NaN,4.806701,7.659289,5.089284,0.356610,0.402897,0.549761,0.136916,-0.126256,-0.197169,0.278486,0.399697,0.340242,0.804315,59.753479,-26.965876,126.118911
53689,NaN,4.895906,7.571094,5.076763,0.330267,0.537660,0.515269,0.119800,-0.204115,-0.163362,0.279274,0.400416,0.340832,0.803434,59.906610,-26.939239,125.947824
53690,NaN,4.854646,7.510092,5.127550,0.425848,0.578225,0.470556,0.131342,-0.270694,-0.147145,0.280089,0.401446,0.341339,0.802420,60.080572,-26.939256,125.744545
53691,NaN,5.021837,7.566985,5.045083,0.284185,0.652390,0.551893,0.114432,-0.293281,-0.138754,0.280940,0.402555,0.341731,0.801400,60.249440,-26.949379,125.531742
53692,NaN,5.274731,7.478769,5.001779,0.156124,0.889422,0.577552,0.093989,-0.280940,-0.147708,0.281848,0.403570,0.342074,0.800424,60.404717,-26.950968,125.322545
53693,NaN,5.275929,7.361562,4.947922,0.150272,0.958149,0.462005,0.068849,-0.211867,-0.149941,0.282693,0.404267,0.342419,0.799626,60.528379,-26.931586,125.151876
53694,NaN,4.815267,7.229392,4.866209,0.354819,0.691581,0.113374,0.068415,-0.165007,-0.180664,0.283586,0.404724,0.342888,0.798878,60.644173,-26.883261,124.997241
53695,NaN,4.580936,7.247408,4.748138,0.382904,0.490986,-0.031737,0.110350,-0.129178,-0.212673,0.284457,0.405042,0.343640,0.798083,60.779230,-26.808688,124.853090
53696,NaN,4.458977,7.467399,4.589236,0.282006,0.242076,0.014185,0.132230,-0.085398,-0.227659,0.285270,0.405189,0.344570,0.797317,60.917559,-26.713998,124.728827
53697,NaN,4.334494,7.655463,4.497662,0.242035,0.033557,0.064719,0.118617,-0.049768,-0.218952,0.286010,0.405189,0.345480,0.796658,61.037490,-26.613652,124.628104
53698,NaN,4.110485,7.667092,4.191152,0.100905,-0.213005,-0.159162,0.106206,-0.062887,-0.192589,0.286697,0.405269,0.346267,0.796029,61.149741,-26.529843,124.527986
53699,NaN,4.117845,7.730632,4.176331,0.081195,-0.230401,-0.112102,0.113837,-0.105982,-0.162740,0.287319,0.405581,0.346962,0.795342,61.272740,-26.472856,124.413673
53700,NaN,4.334648,7.799388,4.266772,0.047722,-0.065818,0.077627,0.115173,-0.152199,-0.120534,0.287855,0.406152,0.347509,0.794618,61.402227,-26.449437,124.286014
53701,NaN,4.586357,7.866985,4.515050,0.136051,0.171652,0.349093,0.118907,-0.212256,-0.075117,0.288303,0.407045,0.347892,0.793830,61.542614,-26.465141,124.138951
53702,NaN,4.705629,7.924517,4.595742,0.156903,0.260877,0.481438,0.133556,-0.249558,-0.055395,0.288710,0.408142,0.348239,0.792967,61.698243,-26.500508,123.976386
53703,NaN,4.784171,7.901921,4.448212,0.022246,0.294536,0.435626,0.149341,-0.267210,-0.053647,0.289105,0.409332,0.348618,0.792042,61.867193,-26.541255,123.804800
53704,NaN,4.898141,7.931965,4.404145,-0.051581,0.358058,0.491361,0.156088,-0.217224,-0.070028,0.289467,0.410306,0.349129,0.791181,62.029847,-26.559678,123.655785
53705,NaN,4.852590,7.879728,4.248170,-0.131981,0.318834,0.364031,0.142268,-0.147521,-0.093797,0.289824,0.410940,0.349735,0.790453,62.170040,-26.547178,123.539655
53706,NaN,4.733578,7.851005,4.109974,-0.171755,0.219027,0.230192,0.127743,-0.072838,-0.118103,0.290181,0.411217,0.350440,0.789866,62.286294,-26.502031,123.458039
53707,NaN,4.641413,7.835529,3.980674,-0.225118,0.136712,0.122835,0.129340,-0.013977,-0.141998,0.290521,0.411219,0.351287,0.789363,62.391496,-26.429136,123.403445
53708,NaN,4.508505,7.955755,3.971911,-0.183805,-0.015190,0.155396,0.113897,0.061871,-0.156566,0.290821,0.410876,0.352211,0.789019,62.470632,-26.328474,123.387098
53709,NaN,4.217412,8.090112,3.951568,-0.081498,-0.296518,0.124956,0.096026,0.103496,-0.157734,0.291085,0.410338,0.353128,0.788792,62.529041,-26.216366,123.394695
53710,NaN,3.915562,8.101063,3.958666,0.068243,-0.506763,0.004053,0.076160,0.111069,-0.139119,0.291306,0.409775,0.353939,0.788639,62.571830,-26.111551,123.411617
53711,NaN,3.982324,8.166879,4.007603,0.062098,-0.461958,0.107011,0.062343,0.089909,-0.117469,0.291505,0.409313,0.354620,0.788500,62.609100,-26.023477,123.423420
53712,NaN,4.125266,8.147862,4.177148,0.137210,-0.275717,0.225201,0.048374,0.036934,-0.080397,0.291683,0.409105,0.355093,0.788330,62.646806,-25.968089,123.415718
53713,NaN,4.158232,8.086692,4.222277,0.171775,-0.190887,0.209645,0.067243,-0.007267,-0.052739,0.291787,0.409147,0.355519,0.788077,62.702630,-25.938528,123.391699
53714,NaN,4.050178,7.930414,4.358127,0.375653,-0.129297,0.093413,0.099251,-0.095010,-0.047713,0.291966,0.409591,0.355932,0.787593,62.797937,-25.934388,123.318932
53715,NaN,4.148331,7.858341,4.303218,0.308647,-0.021687,0.055650,0.157253,-0.180613,-0.067366,0.292252,0.410420,0.356490,0.786803,62.950129,-25.942544,123.192424
53716,NaN,4.363263,7.940904,4.306217,0.214514,0.105562,0.216386,0.183692,-0.225667,-0.071909,0.292586,0.411458,0.357093,0.785863,63.129360,-25.959657,123.038474
53717,NaN,4.376509,7.863781,4.213857,0.167831,0.144296,0.122121,0.215679,-0.218571,-0.087976,0.292897,0.412482,0.357866,0.784858,63.327106,-25.966389,122.884607
53718,NaN,4.689729,8.040463,4.034675,-0.142951,0.239519,0.328482,0.200293,-0.179361,-0.118471,0.293295,0.413277,0.358696,0.783911,63.510179,-25.946856,122.743639
53719,NaN,4.775880,8.042578,3.817169,-0.352146,0.252896,0.280620,0.171018,-0.118311,-0.127840,0.293676,0.413770,0.359521,0.783131,63.662189,-25.906695,122.635531
53720,NaN,4.803520,8.038562,3.737731,-0.419141,0.270427,0.257768,0.149457,-0.065489,-0.142582,0.294067,0.413999,0.360368,0.782473,63.790452,-25.845214,122.553004
53721,NaN,4.396402,8.174650,3.477686,-0.459142,-0.179836,0.087029,0.106979,-0.021007,-0.137266,0.294442,0.414000,0.361104,0.781993,63.882411,-25.775220,122.498082
53722,NaN,4.121300,8.193867,3.567831,-0.248581,-0.355076,0.019205,0.047575,0.001725,-0.111690,0.294802,0.413871,0.361587,0.781702,63.931564,-25.712462,122.462902
53723,NaN,4.233046,8.204038,3.775454,-0.125939,-0.198213,0.158462,0.011740,0.002709,-0.077710,0.295096,0.413746,0.361862,0.781530,63.955696,-25.667080,122.438484
53724,NaN,4.437790,8.291586,3.909678,-0.125136,-0.042232,0.371247,-0.013927,0.005398,-0.037654,0.295287,0.413646,0.361956,0.781467,63.959670,-25.641483,122.426150
53725,NaN,4.588814,8.199910,4.050993,-0.063407,0.172129,0.418277,-0.024892,0.003340,-0.002602,0.295364,0.413600,0.361933,0.781473,63.953588,-25.634583,122.422969
53726,NaN,4.483731,8.157419,4.119176,0.052396,0.138309,0.365380,-0.008681,0.000716,0.011739,0.295359,0.413615,0.361939,0.781464,63.955757,-25.635590,122.421745
53727,NaN,4.465501,8.035122,4.226667,0.174989,0.228209,0.300961,0.012349,-0.006886,0.015280,0.295306,0.413696,0.362010,0.781408,63.971354,-25.640497,122.417852
53728,NaN,4.291353,7.845605,4.173799,0.250023,0.187857,0.050984,0.072612,-0.046178,0.000541,0.295263,0.413994,0.362288,0.781138,64.033045,-25.647515,122.386720
53729,NaN,4.290295,7.968669,4.084234,0.162718,0.094080,0.114646,0.094501,-0.035314,-0.009609,0.295188,0.414262,0.362689,0.780838,64.105717,-25.646722,122.359696
53730,NaN,4.176917,7.819397,3.876885,0.075183,0.033470,-0.137304,0.162317,-0.064850,-0.032270,0.295120,0.414706,0.363356,0.780317,64.227370,-25.641400,122.308773
53731,NaN,4.205000,8.059186,3.748945,-0.073009,-0.110873,0.019375,0.135861,-0.044554,-0.031315,0.295061,0.415032,0.363950,0.779890,64.328611,-25.631598,122.270416
53732,NaN,4.255249,8.098129,3.537327,-0.275495,-0.153982,-0.009631,0.096296,-0.020063,-0.024009,0.295016,0.415218,0.364408,0.779594,64.400330,-25.619283,122.247453
53733,NaN,4.211721,8.087505,3.607057,-0.186775,-0.152614,-0.009677,0.045299,0.000760,-0.012034,0.294987,0.415268,0.364675,0.779453,64.436151,-25.608152,122.240424
53734,NaN,4.120885,8.009577,3.681349,-0.064282,-0.150361,-0.083319,0.018569,0.009544,-0.008678,0.294990,0.415251,0.364843,0.779382,64.454169,-25.596414,122.238656
53735,NaN,4.164477,8.006670,3.783486,0.004207,-0.079968,-0.027086,0.002291,0.004811,-0.002334,0.295006,0.415240,0.364928,0.779342,64.463233,-25.589255,122.236410
53736,NaN,4.252043,8.007513,3.832779,0.004994,0.003956,0.030599,0.000831,0.004431,0.000841,0.295018,0.415235,0.364999,0.779307,64.471225,-25.583701,122.234322
53737,NaN,4.301248,7.961965,3.757807,-0.075605,0.044107,-0.014367,0.005348,0.010710,0.004998,0.294987,0.415219,0.365090,0.779285,64.479678,-25.578913,122.237720
53738,NaN,4.256554,7.967380,3.788767,-0.027530,0.018574,-0.017227,0.011326,0.017369,0.005981,0.294933,0.415188,0.365210,0.779266,64.489873,-25.572823,122.244458
53739,NaN,4.289853,7.962135,3.837747,0.000309,0.064591,0.011903,0.012821,0.017437,0.004324,0.294878,0.415155,0.365341,0.779243,64.501038,-25.566018,122.251447
53740,NaN,4.372840,8.003424,3.930509,0.035043,0.136780,0.117342,0.017242,0.014302,0.008180,0.294809,0.415149,0.365476,0.779209,64.515122,-25.561824,122.257030
53741,NaN,4.414191,8.020274,3.986852,0.062934,0.180315,0.170718,0.039401,0.020237,-0.009336,0.294747,0.415119,0.365742,0.779123,64.542435,-25.547261,122.261837
53742,NaN,4.384398,7.978423,3.913223,0.022881,0.162358,0.095118,0.057138,0.025344,-0.018845,0.294680,0.415080,0.366105,0.778999,64.579827,-25.526372,122.266383
53743,NaN,4.324524,8.004371,3.841360,-0.010363,0.085467,0.062539,0.075066,0.012167,-0.024111,0.294617,0.415108,0.366529,0.778809,64.631311,-25.506127,122.262372
53744,NaN,4.211790,8.015365,3.789420,0.003721,-0.015877,0.002845,0.097801,-0.009983,-0.028279,0.294567,0.415248,0.367016,0.778523,64.701814,-25.489020,122.244128
53745,NaN,4.257459,8.182679,3.610127,-0.191847,-0.125398,0.089973,0.075522,-0.004638,-0.019577,0.294516,0.415349,0.367408,0.778304,64.757131,-25.475257,122.231925
53746,NaN,4.368410,8.166916,3.539573,-0.299443,-0.049803,0.097810,0.032095,0.005571,-0.008677,0.294497,0.415368,0.367622,0.778199,64.783843,-25.464482,122.227952
53747,NaN,4.370886,8.139191,3.606069,-0.237771,-0.007996,0.101858,0.001159,0.015633,-0.000124,0.294488,0.415318,0.367714,0.778187,64.789314,-25.455827,122.232536
53748,NaN,4.280578,8.151695,3.803872,-0.027078,-0.018365,0.149333,-0.027848,0.036037,0.010369,0.294464,0.415165,0.367700,0.778284,64.771950,-25.447486,122.251205
53749,NaN,4.225412,8.146110,3.941390,0.115880,-0.012761,0.174013,-0.030844,0.035904,0.013681,0.294429,0.415013,0.367668,0.778393,64.752489,-25.441043,122.271198
53750,NaN,4.285633,8.100585,3.923885,0.075948,0.051818,0.155991,-0.026015,0.033021,0.023898,0.294354,0.414900,0.367629,0.778500,64.735351,-25.440439,122.291791
53751,NaN,4.301528,8.160027,3.899304,0.036112,0.021376,0.201902,-0.018505,0.029100,0.029009,0.294247,0.414821,0.367604,0.778595,64.722857,-25.443579,122.311972
53752,NaN,4.207929,8.126535,3.865869,0.056900,-0.043869,0.121447,-0.008761,0.020262,0.033011,0.294124,0.414799,0.367594,0.778657,64.717687,-25.450810,122.327715
53753,NaN,4.203742,8.084597,3.903210,0.098194,-0.013063,0.099799,-0.003185,0.005998,0.036172,0.293999,0.414846,0.367580,0.778687,64.718799,-25.463333,122.336753
53754,NaN,4.144738,8.046393,3.916576,0.146145,-0.033670,0.048366,0.009877,-0.007937,0.031059,0.293897,0.414957,0.367605,0.778654,64.731488,-25.476453,122.335786
53755,NaN,4.154046,7.986666,3.915586,0.153520,0.006338,0.003174,0.028504,-0.015461,0.020580,0.293807,0.415106,0.367715,0.778557,64.757876,-25.486128,122.328211
53756,NaN,4.122669,7.983444,3.885715,0.147342,-0.023458,-0.024516,0.039374,-0.000169,-0.002301,0.293759,0.415169,0.367935,0.778437,64.789435,-25.480059,122.322668
53757,NaN,4.131743,7.994983,3.779732,0.053138,-0.053229,-0.051961,0.049788,0.011240,-0.021186,0.293738,0.415167,0.368254,0.778295,64.826267,-25.461558,122.319160
53758,NaN,4.105158,7.922500,3.639220,-0.041336,-0.073182,-0.176548,0.055528,0.020050,-0.030830,0.293731,0.415123,0.368626,0.778145,64.865390,-25.435762,122.317545
53759,NaN,4.040767,7.979303,3.633776,-0.020353,-0.148372,-0.159762,0.067116,0.016073,-0.037023,0.293726,0.415099,0.369052,0.777958,64.912770,-25.407869,122.312640
53760,NaN,4.083792,8.058531,3.604936,-0.073655,-0.160989,-0.087386,0.072980,-0.003115,-0.041156,0.293765,0.415151,0.369480,0.777712,64.968768,-25.382333,122.294990
53761,NaN,4.208005,8.197782,3.624817,-0.133378,-0.129462,0.087600,0.045835,0.001500,-0.032362,0.293812,0.415161,0.369792,0.777541,65.006981,-25.360376,122.283034
53762,NaN,4.239283,8.095674,3.709092,-0.058239,-0.015401,0.049624,0.024473,0.004278,-0.027427,0.293885,0.415138,0.370013,0.777420,65.031762,-25.340159,122.273353
53763,NaN,4.246682,8.109483,3.738163,-0.037146,-0.002956,0.075209,0.027941,0.004050,-0.021347,0.293923,0.415132,0.370236,0.777303,65.057837,-25.323284,122.265763
53764,NaN,4.270644,8.075671,3.799504,0.011006,0.059089,0.081123,0.029590,0.012917,-0.019691,0.293939,0.415098,0.370474,0.777202,65.082527,-25.304994,122.263137
53765,NaN,4.252565,8.026132,3.802310,0.031875,0.078812,0.033806,0.047370,0.007364,-0.023379,0.293937,0.415103,0.370782,0.777053,65.119117,-25.286286,122.257113
53766,NaN,4.314440,8.137044,3.815146,-0.000896,0.074907,0.156044,0.046622,0.028781,-0.019118,0.293886,0.415033,0.371108,0.776954,65.149595,-25.264468,122.263784
53767,NaN,4.287371,8.066331,3.809904,0.019891,0.097047,0.084424,0.045819,0.040479,-0.013609,0.293788,0.414926,0.371438,0.776891,65.176053,-25.242851,122.279335
53768,NaN,4.218083,7.973517,3.902520,0.149019,0.132580,0.013761,0.070491,0.049027,-0.022803,0.293664,0.414805,0.371894,0.776784,65.215659,-25.214257,122.296690
53769,NaN,4.123139,7.914992,3.795104,0.115338,0.065208,-0.115646,0.115596,0.030928,-0.035203,0.293523,0.414797,0.372525,0.776539,65.286859,-25.183721,122.301067
53770,NaN,4.195274,8.109201,3.730405,0.001437,0.002702,0.050140,0.116038,0.071270,-0.039964,0.293330,0.414625,0.373226,0.776367,65.349044,-25.140904,122.326737
53771,NaN,4.190248,8.105069,3.748425,0.022452,0.017579,0.051399,0.075769,0.083990,-0.036807,0.293179,0.414349,0.373784,0.776303,65.384644,-25.096842,122.361114
53772,NaN,4.225211,7.951556,3.679560,-0.031465,0.114329,-0.086191,0.065894,0.089808,-0.033538,0.293030,0.414043,0.374303,0.776272,65.412877,-25.052984,122.399187
53773,NaN,4.115844,7.986308,3.773939,0.097874,0.052568,-0.068378,0.069702,0.078213,-0.042304,0.292924,0.413770,0.374840,0.776199,65.447043,-25.007480,122.428885
53774,NaN,4.087620,7.989479,3.796729,0.132391,0.047222,-0.069187,0.080681,0.029856,-0.063323,0.292972,0.413662,0.375391,0.775972,65.501651,-24.962401,122.424701
53775,NaN,4.089755,8.115164,3.761781,0.085957,-0.021543,0.022206,0.065488,0.021043,-0.053146,0.293023,0.413584,0.375849,0.775773,65.548466,-24.924858,122.418769
53776,NaN,3.974505,8.035402,3.726642,0.126703,-0.068864,-0.105400,0.070124,-0.006143,-0.055486,0.293130,0.413615,0.376290,0.775502,65.604840,-24.892389,122.396018
53777,NaN,4.086557,8.173542,3.691610,0.026406,-0.061450,0.042780,0.055777,-0.016663,-0.053576,0.293274,0.413668,0.376656,0.775241,65.655232,-24.863514,122.368321
53778,NaN,4.125695,8.193992,3.744367,0.054425,-0.017619,0.095889,0.042082,-0.039289,-0.030356,0.293403,0.413833,0.376887,0.774992,65.700761,-24.851951,122.333106
53779,NaN,4.125652,8.097971,3.777348,0.102286,0.051534,0.028724,0.051889,-0.054518,-0.033812,0.293550,0.414064,0.377142,0.774689,65.755862,-24.842278,122.288918
53780,NaN,4.193224,8.267597,3.704816,-0.011608,-0.008318,0.170385,0.036412,-0.038640,-0.020447,0.293651,0.414237,0.377332,0.774466,65.796885,-24.835684,122.256670
53781,NaN,4.192060,8.189024,3.693758,-0.004412,0.033911,0.100746,0.038305,-0.038289,-0.015747,0.293725,0.414419,0.377520,0.774248,65.838313,-24.831576,122.226468
53782,NaN,4.109772,8.142655,3.752880,0.097597,0.019769,0.049729,0.029815,-0.025373,-0.009651,0.293773,0.414552,0.377681,0.774081,65.871166,-24.827478,122.204664
53783,NaN,4.161459,8.079625,3.720597,0.057523,0.086612,0.007196,0.038850,-0.015611,-0.019324,0.293819,0.414640,0.377912,0.773903,65.907805,-24.816120,122.186440
53784,NaN,4.261603,8.145403,3.738915,0.018092,0.139316,0.110447,0.034039,0.022764,-0.025926,0.293830,0.414562,0.378194,0.773804,65.933187,-24.792233,122.188194
53785,NaN,4.228657,8.115377,3.779065,0.072844,0.149783,0.086529,0.024615,0.052140,-0.030841,0.293822,0.414345,0.378493,0.773777,65.946528,-24.759011,122.206039
53786,NaN,4.142205,8.065126,3.709523,0.059434,0.093250,-0.017156,0.019861,0.074046,-0.042172,0.293828,0.414017,0.378829,0.773786,65.953168,-24.714650,122.233171
53787,NaN,4.171450,8.139565,3.633489,-0.034521,0.056369,0.028623,0.017377,0.086895,-0.041157,0.293808,0.413635,0.379172,0.773829,65.955111,-24.667938,122.268460
53788,NaN,4.080946,8.201589,3.637145,-0.000027,-0.038931,0.043656,0.010529,0.072806,-0.035580,0.293811,0.413310,0.379456,0.773863,65.956041,-24.627319,122.296556
53789,NaN,3.966994,8.198668,3.615613,0.034116,-0.127233,-0.014193,-0.000392,0.042969,-0.026484,0.293853,0.413100,0.379636,0.773870,65.956811,-24.598551,122.310363
53790,NaN,3.974968,8.202341,3.670397,0.075569,-0.101221,0.012516,-0.013061,-0.008122,-0.011890,0.293966,0.413098,0.379660,0.773816,65.961103,-24.589218,122.297960
53791,NaN,4.053706,8.192416,3.689301,0.056165,-0.027972,0.044047,-0.012482,-0.054595,-0.000281,0.294118,0.413298,0.379596,0.773683,65.975540,-24.596910,122.262266
53792,NaN,4.157673,8.175012,3.702010,0.023259,0.065546,0.077566,-0.000715,-0.089467,0.006634,0.294289,0.413664,0.379510,0.773465,66.004427,-24.616230,122.207791
53793,NaN,4.252654,8.154615,3.659226,-0.050433,0.134462,0.084389,0.011408,-0.094320,0.012944,0.294415,0.414078,0.379452,0.773224,66.040698,-24.640078,122.152646
53794,NaN,4.228571,8.113179,3.717932,0.024640,0.158365,0.061613,0.014105,-0.085681,0.006564,0.294548,0.414451,0.379430,0.772985,66.077229,-24.658422,122.100291
53795,NaN,4.315441,8.152441,3.672796,-0.055632,0.188946,0.113841,0.019256,-0.058141,0.014684,0.294582,0.414738,0.379452,0.772807,66.109118,-24.674723,122.066482
53796,NaN,4.288620,8.124863,3.554474,-0.136678,0.143522,0.036204,0.019080,-0.011363,0.009400,0.294552,0.414837,0.379552,0.772716,66.130345,-24.677265,122.057667
53797,NaN,4.341864,8.140903,3.531536,-0.183221,0.169647,0.063318,0.005834,0.033164,0.002830,0.294487,0.414730,0.379681,0.772735,66.133880,-24.666186,122.073391
53798,NaN,4.318856,8.130020,3.583345,-0.128359,0.177767,0.063649,-0.006376,0.083907,-0.004193,0.294381,0.414397,0.379851,0.772870,66.119055,-24.639513,122.116030
53799,NaN,4.155877,8.163130,3.661761,0.007532,0.064410,0.052012,-0.016685,0.119129,-0.014266,0.294265,0.413892,0.380055,0.773085,66.090857,-24.599526,122.176963
53800,NaN,4.032280,8.137588,3.636316,0.041488,-0.021661,-0.030038,-0.013864,0.120715,-0.025145,0.294186,0.413366,0.380293,0.773279,66.065225,-24.553296,122.235397
53801,NaN,3.906335,8.130833,3.564618,0.034754,-0.134703,-0.114386,-0.003303,0.110523,-0.030797,0.294122,0.412882,0.380570,0.773426,66.048627,-24.506632,122.287144
53802,NaN,3.783802,8.097079,3.559004,0.089017,-0.207368,-0.195234,0.003956,0.079614,-0.032337,0.294112,0.412527,0.380832,0.773490,66.043881,-24.466167,122.320021
53803,NaN,3.727239,8.163093,3.588931,0.130459,-0.271294,-0.152553,0.001824,0.018927,-0.026449,0.294196,0.412413,0.380985,0.773443,66.051680,-24.443036,122.320003
53804,NaN,3.766031,8.190301,3.624119,0.138227,-0.240758,-0.100778,-0.002731,-0.029501,-0.016521,0.294346,0.412500,0.381028,0.773319,66.067424,-24.436229,122.294154
53805,NaN,3.888309,8.104004,3.582173,0.057585,-0.113340,-0.137481,0.001164,-0.074668,-0.006414,0.294530,0.412785,0.380999,0.773110,66.094985,-24.445363,122.245620
53806,NaN,3.998387,8.127195,3.556536,-0.015822,-0.048963,-0.082081,0.013718,-0.095085,-0.001507,0.294714,0.413178,0.380978,0.772841,66.134198,-24.461614,122.185857
53807,NaN,4.122613,8.126390,3.650520,0.012630,0.080401,0.003311,0.022446,-0.110059,0.003066,0.294885,0.413650,0.380960,0.772532,66.181450,-24.483828,122.119253
53808,NaN,4.179362,8.232559,3.606636,-0.060634,0.052627,0.099097,0.006981,-0.080937,0.004724,0.295032,0.413990,0.380920,0.772314,66.212823,-24.499996,122.069180
53809,NaN,4.259914,8.222841,3.623024,-0.079977,0.125979,0.130452,-0.007038,-0.041455,0.000386,0.295145,0.414147,0.380894,0.772199,66.227101,-24.504828,122.041230
53810,NaN,4.268467,8.243990,3.631595,-0.079144,0.125170,0.154747,-0.015692,0.011768,-0.006363,0.295204,0.414075,0.380927,0.772199,66.224509,-24.493746,122.041749
53811,NaN,4.266584,8.243620,3.634648,-0.078462,0.126604,0.154734,-0.024588,0.053505,-0.010549,0.295215,0.413819,0.380996,0.772298,66.207208,-24.470945,122.065791
53812,NaN,4.246695,8.200426,3.622799,-0.078084,0.132582,0.106103,-0.022288,0.077425,-0.014000,0.295192,0.413469,0.381116,0.772435,66.185990,-24.440677,122.102175
53813,NaN,4.061441,8.155315,3.564840,-0.037867,-0.003111,-0.029482,-0.016236,0.086780,-0.018846,0.295153,0.413081,0.381284,0.772574,66.166428,-24.405850,122.143371
53814,NaN,3.870709,8.151539,3.548967,0.036482,-0.150111,-0.117262,-0.008659,0.066771,-0.019912,0.295145,0.412781,0.381453,0.772655,66.156225,-24.374931,122.172082
53815,NaN,3.851013,8.109237,3.534595,0.036822,-0.144212,-0.165863,0.002079,0.035698,-0.015375,0.295154,0.412624,0.381608,0.772658,66.159007,-24.353661,122.184485
53816,NaN,3.817434,8.104764,3.507907,0.030472,-0.174258,-0.193222,0.002875,-0.008409,-0.008066,0.295220,0.412654,0.381686,0.772578,66.172024,-24.346359,122.172951
53817,NaN,3.942711,8.161741,3.524015,-0.022216,-0.100846,-0.088130,0.005936,-0.047719,-0.003115,0.295331,0.412848,0.381709,0.772421,66.195527,-24.350896,122.140679
53818,NaN,3.998504,8.169127,3.521417,-0.048386,-0.061161,-0.059894,0.014022,-0.064469,-0.005164,0.295470,0.413116,0.381741,0.772209,66.227930,-24.358063,122.097625
53819,NaN,4.111245,8.246163,3.569789,-0.067045,0.003268,0.068629,0.016749,-0.065832,-0.008721,0.295615,0.413385,0.381790,0.771985,66.262496,-24.363811,122.053583
53820,NaN,4.191100,8.318135,3.592057,-0.092698,0.036293,0.169780,0.001909,-0.040510,-0.012551,0.295761,0.413529,0.381826,0.771834,66.283050,-24.361537,122.022444
53821,NaN,4.217598,8.283868,3.654458,-0.044478,0.098349,0.175005,0.002433,-0.021968,-0.002739,0.295830,0.413619,0.381872,0.771736,66.298427,-24.360208,122.004895
53822,NaN,4.185793,8.279215,3.626189,-0.050812,0.068331,0.147647,0.011644,-0.013963,-0.003294,0.295870,0.413693,0.381966,0.771635,66.317284,-24.356662,121.991387
53823,NaN,4.176368,8.267510,3.594091,-0.070647,0.058532,0.122243,0.013470,0.006409,-0.004247,0.295867,0.413687,0.382099,0.771574,66.332353,-24.348042,121.989951
53824,NaN,4.229584,8.275027,3.594079,-0.096783,0.098275,0.150436,0.009907,0.023042,-0.005617,0.295849,0.413610,0.382246,0.771549,66.341666,-24.334760,121.997175
53825,NaN,4.309099,8.243251,3.525980,-0.190937,0.156022,0.131721,-0.000877,0.054405,-0.011676,0.295812,0.413384,0.382411,0.771603,66.337912,-24.311262,122.021601
53826,NaN,4.218722,8.240678,3.479115,-0.190816,0.074236,0.075118,-0.011296,0.066944,-0.010299,0.295771,0.413098,0.382550,0.771703,66.325168,-24.285426,122.052917
53827,NaN,4.088590,8.278413,3.582920,-0.047958,-0.007729,0.091031,-0.020172,0.063666,-0.018324,0.295781,0.412794,0.382668,0.771803,66.308867,-24.256343,122.081089
53828,NaN,4.024609,8.231516,3.624098,0.020036,-0.015478,0.040676,-0.036300,0.052154,-0.018073,0.295850,0.412513,0.382705,0.771909,66.286137,-24.229818,122.101901
53829,NaN,3.930040,8.259819,3.644353,0.074683,-0.095083,0.032947,-0.037256,0.025925,-0.011985,0.295944,0.412342,0.382687,0.771973,66.268366,-24.212674,122.109745
53830,NaN,3.877198,8.233488,3.692265,0.142847,-0.105055,0.006904,-0.036340,-0.019068,-0.000126,0.296081,0.412370,0.382582,0.771958,66.260569,-24.211976,122.094115
53831,NaN,3.923854,8.226851,3.662900,0.096194,-0.076591,0.009707,-0.024219,-0.052736,0.008561,0.296218,0.412561,0.382456,0.771865,66.266700,-24.223788,122.062006
53832,NaN,3.986358,8.281507,3.603161,0.009211,-0.079374,0.059029,-0.017264,-0.068949,0.012975,0.296360,0.412835,0.382323,0.771730,66.280256,-24.241459,122.020994
53833,NaN,4.036874,8.256746,3.616374,0.003242,-0.023978,0.063941,-0.014473,-0.070900,0.012455,0.296500,0.413118,0.382200,0.771586,66.295856,-24.259343,121.979175
53834,NaN,4.078100,8.219726,3.598618,-0.023253,0.020163,0.043473,-0.009168,-0.050997,0.019132,0.296567,0.413346,0.382112,0.771482,66.309197,-24.276092,121.950028
53835,NaN,4.083622,8.200395,3.642159,0.018123,0.048494,0.045562,0.003765,-0.041683,0.024940,0.296564,0.413567,0.382076,0.771381,66.327137,-24.293815,121.928092
53836,NaN,4.093242,8.150171,3.618248,0.004926,0.074542,-0.001161,0.037061,-0.037731,0.015986,0.296523,0.413807,0.382193,0.771211,66.364172,-24.305843,121.905770
53837,NaN,4.085909,8.309404,3.573533,-0.047828,-0.029219,0.112424,0.044273,0.015511,0.011569,0.296377,0.413843,0.382426,0.771132,66.393201,-24.303477,121.913471
53838,NaN,4.098523,8.210200,3.530259,-0.074908,0.021422,0.018993,0.041275,0.054233,0.009664,0.296176,0.413722,0.382708,0.771135,66.411510,-24.291073,121.942523
53839,NaN,4.012070,8.181361,3.547563,-0.013811,-0.020167,-0.034345,0.047621,0.093907,0.002696,0.295907,0.413442,0.383089,0.771198,66.424724,-24.266070,121.993274
53840,NaN,3.963620,8.193257,3.422150,-0.101800,-0.101924,-0.090028,0.045259,0.113250,-0.013980,0.295675,0.413054,0.383522,0.771280,66.433821,-24.227740,122.050372
53841,NaN,3.934491,8.211736,3.404459,-0.107987,-0.134233,-0.092940,0.035878,0.106716,-0.021017,0.295498,0.412663,0.383926,0.771357,66.439846,-24.187372,122.102459
53842,NaN,3.801533,8.170742,3.499374,0.041100,-0.176008,-0.146994,0.017176,0.083644,-0.032291,0.295451,0.412312,0.384244,0.771404,66.441796,-24.146215,122.137889
53843,NaN,3.613127,8.140734,3.548168,0.176242,-0.283089,-0.231220,0.006035,0.037027,-0.034263,0.295522,0.412119,0.384456,0.771374,66.448482,-24.114748,122.146468
53844,NaN,3.634950,8.116741,3.589258,0.204101,-0.234527,-0.227258,0.009010,-0.020516,-0.032749,0.295694,0.412157,0.384591,0.771221,66.470317,-24.097197,122.121842
53845,NaN,3.771752,8.164673,3.546554,0.097251,-0.165150,-0.146803,0.020759,-0.073895,-0.027746,0.295921,0.412426,0.384683,0.770944,66.510925,-24.094552,122.068200
53846,NaN,3.911641,8.284526,3.530141,0.004515,-0.122415,0.004705,0.030509,-0.092051,-0.023821,0.296152,0.412789,0.384775,0.770615,66.560967,-24.097983,122.004647
53847,NaN,4.049456,8.341847,3.461544,-0.122667,-0.066438,0.084147,0.026205,-0.090163,-0.021649,0.296375,0.413140,0.384851,0.770303,66.607786,-24.102193,121.943407
53848,NaN,4.107035,8.413160,3.508019,-0.114280,-0.039802,0.184340,0.024205,-0.064649,-0.021430,0.296556,0.413392,0.384955,0.770046,66.647534,-24.100560,121.896229
53849,NaN,4.143371,8.383647,3.621529,-0.025095,0.047010,0.215557,0.020974,-0.037711,-0.019305,0.296679,0.413538,0.385084,0.769856,66.678853,-24.094111,121.865845
53850,NaN,4.219377,8.385091,3.615351,-0.064645,0.107148,0.245543,0.019867,-0.004804,-0.025629,0.296770,0.413545,0.385269,0.769725,66.702450,-24.076653,121.852125
53851,NaN,4.256490,8.427038,3.470078,-0.213033,0.068428,0.243358,0.033503,0.038397,-0.024506,0.296740,0.413406,0.385569,0.769661,66.723489,-24.050173,121.864393
53852,NaN,4.119085,8.440321,3.428076,-0.186075,-0.054086,0.183314,0.023617,0.082428,-0.023531,0.296647,0.413086,0.385894,0.769705,66.728530,-24.014063,121.901481
53853,NaN,4.134867,8.447997,3.538276,-0.103552,-0.003103,0.235916,-0.006405,0.104770,-0.006662,0.296502,0.412666,0.386102,0.769882,66.709268,-23.981962,121.956587
53854,NaN,4.027339,8.388115,3.656490,0.052379,-0.011234,0.184661,-0.028223,0.113313,0.000850,0.296363,0.412198,0.386222,0.770126,66.674982,-23.951660,122.017467
53855,NaN,3.929933,8.263297,3.644107,0.099044,-0.024224,0.035945,-0.036376,0.092098,0.003580,0.296267,0.411804,0.386275,0.770348,66.640762,-23.927673,122.067296
53856,NaN,3.868539,8.206014,3.708718,0.187282,-0.018768,-0.013533,-0.032973,0.044576,0.010165,0.296235,0.411611,0.386255,0.770473,66.618918,-23.917832,122.090885
53857,NaN,3.867100,8.222590,3.666514,0.147247,-0.044255,-0.015487,-0.028897,-0.016451,0.012567,0.296297,0.411662,0.386157,0.770470,66.613359,-23.923288,122.080680
53858,NaN,3.888480,8.169480,3.566674,0.059203,-0.036336,-0.087616,-0.024055,-0.063327,0.014454,0.296438,0.411907,0.386004,0.770363,66.621374,-23.940234,122.043251
53859,NaN,3.921755,8.200628,3.524355,0.005918,-0.043646,-0.063350,-0.020088,-0.104356,0.011191,0.296658,0.412308,0.385812,0.770159,66.641625,-23.964904,121.981940
53860,NaN,4.002610,8.208540,3.495334,-0.053982,0.003055,-0.034372,-0.010144,-0.110730,0.011041,0.296874,0.412749,0.385649,0.769922,66.669083,-23.990795,121.916346
53861,NaN,4.016727,8.131018,3.537809,-0.006200,0.069243,-0.078274,0.019500,-0.118377,0.000134,0.297081,0.413240,0.385611,0.769597,66.716357,-24.012772,121.844372
53862,NaN,4.182913,8.233701,3.539208,-0.091874,0.146078,0.076034,0.026085,-0.077516,-0.005074,0.297221,0.413575,0.385670,0.769334,66.758474,-24.022578,121.793865
53863,NaN,4.139684,8.240438,3.564582,-0.043900,0.120411,0.073243,0.038137,-0.043205,-0.005531,0.297267,0.413793,0.385827,0.769120,66.799355,-24.024412,121.763706
53864,NaN,4.114069,8.186704,3.513519,-0.064292,0.114639,-0.000694,0.033478,0.006038,-0.011719,0.297256,0.413806,0.386051,0.769005,66.826773,-24.011808,121.759721
53865,NaN,4.039023,8.246102,3.433723,-0.104616,0.001457,-0.010065,0.020245,0.049349,-0.012264,0.297186,0.413629,0.386292,0.769006,66.836413,-23.989229,121.781216
53866,NaN,4.024258,8.248326,3.515649,-0.029161,0.020891,0.015234,0.001560,0.085676,-0.004381,0.297059,0.413301,0.386496,0.769129,66.826146,-23.962538,121.824957
53867,NaN,3.928883,8.277104,3.535494,0.025408,-0.058787,0.007810,-0.013139,0.099799,0.000665,0.296910,0.412905,0.386656,0.769318,66.803551,-23.935410,121.878786
53868,NaN,3.861858,8.252525,3.665747,0.168285,-0.050940,0.006931,-0.027303,0.088054,0.008663,0.296788,0.412551,0.386726,0.769520,66.774935,-23.915020,121.927082
53869,NaN,3.843985,8.289076,3.660189,0.162322,-0.085308,0.028469,-0.024853,0.056672,0.005747,0.296727,0.412314,0.386767,0.769651,66.755292,-23.900321,121.957293
53870,NaN,3.911862,8.266394,3.652019,0.122562,-0.023047,0.034019,-0.021394,0.022095,0.002164,0.296744,0.412209,0.386775,0.769695,66.746131,-23.891399,121.965977
53871,NaN,3.909765,8.283896,3.608472,0.082517,-0.048515,0.032164,-0.014083,-0.008503,-0.000872,0.296814,0.412226,0.386774,0.769661,66.748542,-23.887896,121.956929
53872,NaN,3.907716,8.310857,3.540374,0.022112,-0.087410,0.029401,-0.008318,-0.048282,-0.003995,0.296964,0.412400,0.386741,0.769526,66.763900,-23.891645,121.923568
53873,NaN,3.901027,8.209192,3.522599,0.028660,-0.044087,-0.065134,0.024987,-0.092261,-0.009370,0.297147,0.412781,0.386783,0.769230,66.809138,-23.902579,121.864128
53874,NaN,4.017157,8.354235,3.463877,-0.091005,-0.047853,0.082699,0.034853,-0.088339,-0.013873,0.297324,0.413153,0.386877,0.768914,66.859585,-23.910111,121.805241
53875,NaN,4.094721,8.373435,3.409206,-0.171203,-0.014499,0.110735,0.019540,-0.089836,-0.000717,0.297482,0.413534,0.386884,0.768645,66.900361,-23.924894,121.749117
53876,NaN,4.115568,8.318088,3.460031,-0.123182,0.049601,0.090982,0.014993,-0.080016,0.001394,0.297625,0.413874,0.386882,0.768407,66.935994,-23.938525,121.698758
53877,NaN,4.186629,8.386272,3.428216,-0.189384,0.058589,0.165829,-0.002476,-0.054528,0.007169,0.297726,0.414100,0.386840,0.768267,66.954991,-23.949667,121.665375
53878,NaN,4.236914,8.352718,3.465194,-0.174927,0.127497,0.171303,-0.026269,-0.020465,0.014913,0.297788,0.414177,0.386741,0.768252,66.951712,-23.957040,121.652672
53879,NaN,4.262897,8.325724,3.509278,-0.146998,0.176118,0.174924,-0.037842,0.025267,0.008436,0.297806,0.414046,0.386679,0.768347,66.931701,-23.950773,121.665285
53880,NaN,4.148550,8.261187,3.573707,-0.032141,0.142856,0.097288,-0.047873,0.061057,0.003155,0.297799,0.413755,0.386642,0.768525,66.898132,-23.933642,121.696713
53881,NaN,3.939580,8.234830,3.632441,0.116224,0.014979,0.011446,-0.039302,0.086113,-0.003590,0.297747,0.413365,0.386690,0.768731,66.864206,-23.907438,121.741648
53882,NaN,3.893075,8.144859,3.551679,0.074838,-0.000413,-0.111988,-0.020518,0.087157,-0.009133,0.297681,0.412990,0.386822,0.768891,66.841483,-23.877924,121.785055
53883,NaN,3.815623,8.122372,3.470825,0.040560,-0.073861,-0.191283,0.004685,0.088456,-0.013388,0.297573,0.412638,0.387063,0.769001,66.833387,-23.845900,121.828548
53884,NaN,3.703767,8.109275,3.471493,0.094549,-0.149566,-0.247219,0.023323,0.058307,-0.012228,0.297484,0.412433,0.387327,0.769012,66.842857,-23.821247,121.854550
53885,NaN,3.708520,8.141442,3.455995,0.075091,-0.163641,-0.223752,0.042971,0.024965,-0.011722,0.297412,0.412384,0.387617,0.768921,66.871080,-23.804468,121.862325
53886,NaN,3.698541,8.131475,3.420294,0.055104,-0.173683,-0.248939,0.070987,-0.033048,-0.013179,0.297405,0.412599,0.387931,0.768650,66.929195,-23.799875,121.835495
53887,NaN,3.908414,8.302430,3.418815,-0.063297,-0.095437,-0.020792,0.066751,-0.050871,-0.006869,0.297413,0.412887,0.388190,0.768361,66.988380,-23.802648,121.800511
53888,NaN,4.016720,8.323145,3.547175,-0.000120,0.026096,0.086330,0.032285,-0.054014,0.006984,0.297449,0.413164,0.388281,0.768152,67.027207,-23.813336,121.766535
53889,NaN,4.075216,8.312473,3.589328,0.014612,0.092980,0.116009,0.010430,-0.035470,0.011657,0.297470,0.413344,0.388308,0.768033,67.048604,-23.822451,121.745197
53890,NaN,4.159624,8.347404,3.703867,0.070925,0.180834,0.220384,-0.003820,-0.008090,0.012862,0.297469,0.413403,0.388317,0.767998,67.055479,-23.825957,121.739130
53891,NaN,4.136170,8.362994,3.686073,0.064704,0.148563,0.217688,-0.008969,0.028184,0.008954,0.297419,0.413305,0.388370,0.768043,67.051244,-23.819337,121.753645
53892,NaN,4.102344,8.365952,3.639246,0.037846,0.104840,0.189816,-0.019417,0.050420,0.008985,0.297352,0.413108,0.388414,0.768153,67.035941,-23.807724,121.780373
53893,NaN,4.058526,8.356222,3.563186,-0.009681,0.049592,0.136776,-0.028928,0.070045,0.005324,0.297273,0.412811,0.388459,0.768320,67.010754,-23.789977,121.818529
53894,NaN,4.021702,8.287206,3.490374,-0.050877,0.032045,0.037742,-0.030774,0.078795,0.002355,0.297199,0.412475,0.388516,0.768500,66.983026,-23.768494,121.859970
53895,NaN,3.879690,8.257880,3.490252,0.016267,-0.062061,-0.044252,-0.027827,0.069791,-0.002652,0.297151,0.412168,0.388582,0.768650,66.959611,-23.746525,121.895587
53896,NaN,3.814547,8.147969,3.479578,0.049305,-0.057661,-0.166866,-0.018707,0.049854,-0.005329,0.297137,0.411946,0.388657,0.768736,66.946304,-23.727453,121.918447
53897,NaN,3.757712,8.150044,3.458210,0.056231,-0.108312,-0.195622,0.006787,0.023805,-0.006869,0.297125,0.411858,0.388797,0.768718,66.953777,-23.713463,121.926458
53898,NaN,3.818224,8.188142,3.444184,0.010175,-0.083681,-0.144192,0.013263,0.004353,-0.001439,0.297119,0.411866,0.388919,0.768654,66.968952,-23.706648,121.924066
53899,NaN,3.913184,8.222130,3.478752,-0.008309,-0.013814,-0.064975,0.012163,-0.024226,0.008959,0.297129,0.412002,0.388975,0.768549,66.989120,-23.711718,121.908162
53900,NaN,3.986628,8.263062,3.516120,-0.013321,0.035786,0.012435,0.018711,-0.034850,0.017638,0.297115,0.412206,0.389021,0.768421,67.014623,-23.723738,121.887856
53901,NaN,4.075770,8.275004,3.541025,-0.032072,0.107629,0.067284,0.011890,-0.039239,0.021891,0.297103,0.412423,0.389028,0.768306,67.036836,-23.739076,121.866615
53902,NaN,4.141435,8.302743,3.547687,-0.057725,0.145773,0.119509,0.003323,-0.035754,0.027729,0.297084,0.412628,0.388992,0.768222,67.052756,-23.756609,121.848236
53903,NaN,4.174898,8.324857,3.528415,-0.090558,0.152142,0.144791,-0.004294,-0.015757,0.028764,0.297035,0.412745,0.388957,0.768195,67.059668,-23.770268,121.841992
53904,NaN,4.145346,8.318256,3.501779,-0.097089,0.121808,0.117845,-0.009881,0.007264,0.028689,0.296955,0.412767,0.388933,0.768227,67.057940,-23.778696,121.848641
53905,NaN,4.093781,8.300565,3.525869,-0.049422,0.098028,0.090752,-0.018292,0.032527,0.027612,0.296843,0.412675,0.388918,0.768327,67.045597,-23.781073,121.870255
53906,NaN,4.107887,8.288088,3.471622,-0.103248,0.094821,0.066566,-0.018658,0.047221,0.033571,0.296686,0.412539,0.388909,0.768465,67.029067,-23.783143,121.901137
53907,NaN,4.045435,8.266824,3.443859,-0.096636,0.046087,0.013534,-0.022873,0.052352,0.026886,0.296549,0.412363,0.388907,0.768613,67.009591,-23.780592,121.933821
53908,NaN,3.923730,8.180945,3.498124,0.017728,0.014359,-0.088498,-0.025468,0.056369,0.024634,0.296422,0.412165,0.388904,0.768770,66.987917,-23.775881,121.967789
53909,NaN,3.886116,8.215132,3.518124,0.045641,-0.026727,-0.067705,-0.021088,0.053595,0.027037,0.296278,0.411988,0.388911,0.768917,66.969269,-23.773193,122.001177
53910,NaN,3.919094,8.218056,3.549207,0.053519,0.006520,-0.040805,-0.030921,0.039386,0.035876,0.296152,0.411868,0.388839,0.769066,66.947308,-23.778196,122.028112
53911,NaN,3.912925,8.193847,3.545060,0.053826,0.009861,-0.065146,-0.039021,0.027011,0.041819,0.296042,0.411793,0.388706,0.769216,66.922783,-23.788989,122.049915
53912,NaN,3.989247,8.293761,3.641055,0.083657,0.047025,0.084213,-0.050085,0.018354,0.039158,0.295983,0.411732,0.388522,0.769364,66.894392,-23.800427,122.065549
53913,NaN,3.976328,8.238080,3.652498,0.104063,0.065711,0.036309,-0.066189,0.016270,0.039582,0.295957,0.411656,0.388274,0.769540,66.857217,-23.812605,122.080552
53914,NaN,3.924673,8.227446,3.657673,0.131322,0.028463,0.008435,-0.064009,0.012241,0.033975,0.295959,0.411588,0.388038,0.769695,66.822774,-23.822672,122.091407
53915,NaN,3.885091,8.215697,3.582823,0.083707,-0.026909,-0.044346,-0.071515,0.006375,0.030082,0.296001,0.411523,0.387774,0.769846,66.785874,-23.832021,122.098199
53916,NaN,3.853154,8.144714,3.509792,0.042338,-0.044786,-0.143251,-0.066352,-0.001678,0.034587,0.296032,0.411507,0.387507,0.769977,66.753255,-23.845544,122.101209
53917,NaN,3.869759,8.130518,3.457477,-0.011542,-0.048052,-0.167374,-0.066208,-0.013170,0.044991,0.296044,0.411553,0.387204,0.770101,66.722294,-23.867067,122.100548
53918,NaN,3.903415,8.077931,3.414989,-0.058822,-0.015712,-0.213310,-0.066227,-0.027335,0.061198,0.296022,0.411687,0.386845,0.770218,66.693047,-23.900404,122.095401
53919,NaN,4.004552,8.105970,3.455061,-0.077153,0.054367,-0.134273,-0.060715,-0.044820,0.073325,0.295972,0.411919,0.386458,0.770307,66.669947,-23.944269,122.083656
53920,NaN,3.988237,8.036503,3.432484,-0.077484,0.061419,-0.207294,-0.067308,-0.077457,0.084718,0.295959,0.412290,0.385972,0.770358,66.649427,-24.001361,122.055523
53921,NaN,3.931931,8.039966,3.335145,-0.132064,-0.027781,-0.262499,-0.062974,-0.079955,0.085604,0.295934,0.412677,0.385498,0.770397,66.631877,-24.059589,122.026725
53922,NaN,3.982277,8.150141,3.357488,-0.150126,-0.049165,-0.141540,-0.079830,-0.077330,0.087004,0.295937,0.413032,0.384959,0.770475,66.603964,-24.117874,121.999255
53923,NaN,4.144904,8.234741,3.474137,-0.139819,0.060669,0.038078,-0.120714,-0.061475,0.098561,0.295945,0.413287,0.384263,0.770683,66.547719,-24.178779,121.984400
53924,NaN,4.247124,8.087945,3.527835,-0.125931,0.222942,-0.023257,-0.140490,-0.035344,0.087354,0.295992,0.413392,0.383551,0.770963,66.475109,-24.227706,121.981300
53925,NaN,4.218829,8.097009,3.599649,-0.057280,0.208771,-0.000926,-0.140899,-0.015284,0.073955,0.296048,0.413391,0.382896,0.771268,66.398806,-24.265091,121.987036
53926,NaN,4.128717,8.066334,3.552465,-0.058012,0.128005,-0.080663,-0.151084,0.003884,0.057749,0.296154,0.413271,0.382262,0.771606,66.313852,-24.289472,121.999205
53927,NaN,4.028568,8.023939,3.475376,-0.079467,0.035588,-0.185455,-0.161447,0.005827,0.065027,0.296244,0.413140,0.381577,0.771980,66.221577,-24.317438,122.015218
53928,NaN,3.968844,8.115533,3.375075,-0.160345,-0.106363,-0.170712,-0.180897,0.007993,0.079162,0.296322,0.413001,0.380790,0.772414,66.116276,-24.352055,122.035282
53929,NaN,3.979171,8.176033,3.421266,-0.145194,-0.130838,-0.099390,-0.220936,-0.013645,0.111799,0.296390,0.412946,0.379749,0.772929,65.989570,-24.409028,122.052183
53930,NaN,4.204185,8.208088,3.531817,-0.175489,0.041949,0.060964,-0.271120,-0.031581,0.150481,0.296453,0.412960,0.378406,0.773556,65.834289,-24.490121,122.068019
53931,NaN,4.410995,8.223994,3.695391,-0.151563,0.221332,0.220995,-0.331062,-0.036417,0.171804,0.296561,0.412942,0.376780,0.774318,65.643329,-24.583519,122.087420
53932,NaN,4.451524,8.076209,3.799013,-0.076947,0.336081,0.154997,-0.359417,-0.049656,0.191349,0.296680,0.412969,0.374981,0.775130,65.437037,-24.690119,122.104153
53933,NaN,4.450022,7.931116,3.799329,-0.071091,0.380387,0.035679,-0.362033,-0.057887,0.202620,0.296770,0.413043,0.373137,0.775946,65.229575,-24.804688,122.120412
53934,NaN,4.360555,7.996795,3.921185,0.052092,0.281386,0.099771,-0.360260,-0.097345,0.223019,0.296854,0.413310,0.371196,0.776702,65.030325,-24.939131,122.119105
53935,NaN,4.354595,8.149392,3.893002,-0.006971,0.145570,0.212738,-0.391309,-0.123566,0.238460,0.296983,0.413658,0.369063,0.777484,64.817473,-25.088224,122.108349
53936,NaN,4.582429,8.172874,3.937223,-0.098621,0.280055,0.346441,-0.428859,-0.091601,0.261825,0.297046,0.413868,0.366780,0.778428,64.572583,-25.241366,122.121955
53937,NaN,4.644160,8.205788,4.051531,-0.055734,0.301073,0.445192,-0.454549,-0.037523,0.283031,0.296971,0.413865,0.364432,0.779560,64.296694,-25.392292,122.173951
53938,NaN,4.620673,8.219342,4.032258,-0.089233,0.221654,0.439626,-0.495305,0.014583,0.296910,0.296835,0.413621,0.361970,0.780887,63.982701,-25.536859,122.259583
53939,NaN,4.574610,8.239099,4.022279,-0.109291,0.121864,0.432381,-0.518180,0.047937,0.323343,0.296575,0.413256,0.359411,0.782359,63.643325,-25.686427,122.373561
53940,NaN,4.484185,8.273340,4.024781,-0.102455,-0.018478,0.421751,-0.543813,0.069393,0.341080,0.296263,0.412799,0.356743,0.783938,63.281206,-25.838681,122.505049
53941,NaN,4.412906,8.367332,4.008164,-0.135667,-0.189327,0.458468,-0.620138,0.085112,0.384462,0.295903,0.412238,0.353706,0.785743,62.864856,-26.008282,122.659944
53942,NaN,4.611020,8.415762,4.081344,-0.220344,-0.110536,0.612404,-0.710907,0.062627,0.418548,0.295636,0.411687,0.350204,0.787699,62.396738,-26.200000,122.813149
53943,NaN,4.976399,8.418962,4.386946,-0.187028,0.181647,0.902721,-0.808697,0.079045,0.455802,0.295381,0.410982,0.346257,0.789905,61.861709,-26.405331,122.990128
53944,NaN,4.891799,8.143302,4.764296,0.171680,0.310623,0.808739,-0.862028,0.062888,0.492672,0.295119,0.410319,0.341992,0.792202,61.293868,-26.631769,123.170532
53945,NaN,4.531449,7.817703,4.896496,0.471216,0.187469,0.452214,-0.817049,-0.022679,0.503989,0.294853,0.410070,0.337748,0.794248,60.769645,-26.886404,123.310182
53946,NaN,4.457131,7.869216,5.073693,0.608311,0.066494,0.539012,-0.776018,-0.111402,0.543230,0.294497,0.410293,0.333449,0.796080,60.284243,-27.184195,123.414439
53947,NaN,4.721436,7.831420,5.333403,0.674028,0.269512,0.748587,-0.754033,-0.161891,0.565555,0.294077,0.410775,0.329109,0.797791,59.818892,-27.507069,123.501731
53948,NaN,5.044701,7.837504,5.281369,0.440381,0.398054,0.883815,-0.714071,-0.120449,0.571468,0.293485,0.411153,0.324970,0.799509,59.363200,-27.819880,123.616258
53949,NaN,5.010584,7.747156,5.122080,0.309754,0.295892,0.731309,-0.672704,-0.049027,0.572253,0.292679,0.411301,0.321095,0.801292,58.910554,-28.111471,123.774288
53950,NaN,4.987781,7.831784,4.974583,0.147100,0.102156,0.719574,-0.630563,0.008951,0.574484,0.291683,0.411273,0.317461,0.803115,58.464222,-28.385589,123.967948
53951,NaN,5.104157,8.016933,4.801901,-0.128472,-0.059590,0.834429,-0.657961,0.040002,0.588446,0.290622,0.411097,0.313729,0.805054,57.989449,-28.656504,124.187507
53952,NaN,5.106547,8.194102,4.489396,-0.467587,-0.340437,0.819314,-0.708876,0.008902,0.600147,0.289672,0.410981,0.309716,0.807007,57.489345,-28.940211,124.396257
53953,NaN,5.200075,8.340609,4.368272,-0.689340,-0.493778,0.909637,-0.847789,-0.003395,0.649921,0.288811,0.410782,0.305015,0.809205,56.901675,-29.250491,124.620263
53954,NaN,5.132591,8.321684,4.618987,-0.491410,-0.572543,0.974265,-0.966911,-0.029058,0.685402,0.288089,0.410554,0.299713,0.811555,56.242965,-29.583162,124.846914
53955,NaN,5.397741,8.389016,4.835290,-0.519617,-0.495621,1.249575,-1.150995,0.040486,0.781702,0.287235,0.409909,0.293557,0.814429,55.438701,-29.936779,125.152924
53956,NaN,5.138898,7.082521,5.680435,0.550326,0.266811,0.601834,-1.013185,-0.014309,0.751286,0.286294,0.409621,0.287930,0.816911,54.728767,-30.290325,125.424060
53957,NaN,5.723907,7.437428,6.023304,0.407915,0.407283,1.323967,-0.885364,0.040668,0.683105,0.285277,0.409183,0.283037,0.819193,54.086999,-30.591406,125.704067
53958,NaN,5.909306,7.298918,6.180563,0.424289,0.558907,1.407823,-0.829996,0.103473,0.674028,0.284089,0.408538,0.278467,0.821490,53.457062,-30.863900,126.019152
53959,NaN,5.556786,7.080977,6.111750,0.547266,0.347981,1.047794,-0.723329,0.108410,0.652359,0.282754,0.407991,0.274383,0.823594,52.888987,-31.122664,126.332152
53960,NaN,5.478969,7.282471,5.878149,0.302665,0.012761,1.027680,-0.630396,0.099427,0.643466,0.281277,0.407583,0.270678,0.825526,52.374363,-31.377204,126.640662
53961,NaN,5.550406,7.522000,5.612611,-0.048389,-0.252889,1.087851,-0.624463,0.097827,0.689827,0.279591,0.407256,0.266900,0.827488,51.852187,-31.651612,126.970117
53962,NaN,5.768708,7.706658,5.440521,-0.384195,-0.368464,1.232014,-0.656215,0.098317,0.764055,0.277657,0.406961,0.262829,0.829584,51.290046,-31.955749,127.335896
53963,NaN,6.255677,7.914484,5.463801,-0.707733,-0.291750,1.634510,-0.709969,0.142117,0.844083,0.275438,0.406516,0.258435,0.831920,50.664612,-32.276899,127.762200
53964,NaN,6.992118,7.982526,5.580800,-1.062760,0.050068,2.129755,-0.817937,0.220970,0.926148,0.272984,0.405674,0.253515,0.834649,49.928684,-32.600607,128.272816
53965,NaN,7.287148,7.683466,5.824900,-1.010956,0.370811,2.224996,-0.914849,0.318732,0.978246,0.270373,0.404360,0.248219,0.837722,49.094267,-32.905760,128.862051
53966,NaN,7.325995,7.451519,6.152589,-0.791943,0.483053,2.278075,-0.983576,0.444574,1.019362,0.267560,0.402438,0.242699,0.841162,48.165559,-33.172204,129.543929
53967,NaN,7.079803,7.048575,6.397545,-0.456024,0.521081,2.030135,-0.996487,0.522178,1.045213,0.264559,0.400197,0.237175,0.844748,47.198086,-33.410743,130.281785
53968,NaN,7.472682,7.051147,6.505528,-0.686749,0.640028,2.311556,-1.004255,0.611842,1.075894,0.261318,0.397564,0.231649,0.848525,46.184111,-33.615528,131.088086
53969,NaN,6.794509,5.582441,6.849067,0.232892,1.246565,1.261074,-0.934884,0.638592,1.089483,0.257828,0.394899,0.226412,0.852242,45.193231,-33.803676,131.920719
53970,NaN,7.094858,5.763668,6.857410,-0.072938,1.168197,1.554321,-0.803725,0.631929,1.020860,0.254371,0.392332,0.221847,0.855660,44.293130,-33.955120,132.721163
53971,NaN,7.025098,5.245802,6.894966,0.038752,1.414281,1.251105,-0.738245,0.616249,1.005372,0.250851,0.389880,0.217561,0.858915,43.434946,-34.097018,133.511079
53972,NaN,7.028538,4.883215,7.024845,0.146829,1.613027,1.140378,-0.642557,0.598434,0.984583,0.247247,0.387583,0.213696,0.861964,42.638743,-34.228448,134.285105
53973,NaN,6.883863,4.761097,6.992035,0.158085,1.516537,0.986293,-0.568134,0.575819,0.965975,0.243588,0.385441,0.210149,0.864834,41.893008,-34.354063,135.042926
53974,NaN,6.371130,4.526489,6.703597,0.228682,1.259380,0.403929,-0.491591,0.523193,0.978185,0.239780,0.383617,0.206839,0.867503,41.198268,-34.498616,135.785280
53975,NaN,5.831913,4.510893,6.274678,0.169882,0.798181,-0.165712,-0.448136,0.438874,1.026509,0.235752,0.382249,0.203514,0.869994,40.531655,-34.690973,136.518868
53976,NaN,5.975773,4.645106,5.853989,-0.312917,0.605683,-0.268561,-0.451603,0.395365,1.107609,0.231420,0.381133,0.199962,0.872467,39.845018,-34.924784,137.280035
53977,NaN,6.499603,4.697487,5.664420,-0.829358,0.717355,-0.055988,-0.513598,0.460131,1.192588,0.226755,0.379732,0.196042,0.875188,39.073793,-35.153373,138.122256
53978,NaN,6.922192,4.450973,5.745254,-1.020503,1.047332,0.116860,-0.591825,0.557425,1.253927,0.221868,0.377857,0.191766,0.878194,38.208028,-35.350047,139.046207
53979,NaN,6.824191,4.068682,5.981182,-0.756500,1.229889,0.026607,-0.610845,0.617274,1.279300,0.216832,0.375703,0.187411,0.881311,37.302176,-35.517328,140.016208
53980,NaN,6.436728,3.737390,6.174080,-0.360901,1.219282,-0.226217,-0.599849,0.628494,1.272461,0.211786,0.373481,0.183121,0.884378,36.397394,-35.664106,140.991642
53981,NaN,5.967094,3.416227,6.194763,-0.036070,1.144470,-0.629030,-0.550256,0.555048,1.261029,0.206751,0.371608,0.178980,0.887202,35.537399,-35.829412,141.934945
53982,NaN,5.890143,3.343736,6.176487,-0.037248,1.062983,-0.708240,-0.489271,0.497974,1.233652,0.201767,0.370004,0.175096,0.889791,34.730575,-36.000734,142.843758
53983,NaN,5.755874,3.278012,6.164963,0.008385,0.955805,-0.814485,-0.433836,0.482541,1.203029,0.196820,0.368484,0.171487,0.892230,33.964338,-36.159902,143.733330
53984,NaN,5.608232,3.169909,6.234526,0.135944,0.900730,-0.894205,-0.365493,0.467511,1.176197,0.191872,0.367056,0.168214,0.894516,33.246180,-36.307844,144.605209
53985,NaN,5.342523,3.086278,6.057399,0.164022,0.739210,-1.199570,-0.287356,0.431263,1.168383,0.186837,0.365846,0.165258,0.896626,32.579207,-36.462847,145.462323
53986,NaN,5.151333,3.175941,5.808697,0.064066,0.458489,-1.437189,-0.202505,0.398620,1.169537,0.181662,0.364845,0.162649,0.898572,31.964157,-36.625719,146.311488
53987,NaN,5.157989,3.327187,5.757248,-0.030449,0.247337,-1.400889,-0.145144,0.379103,1.195641,0.176274,0.363994,0.160220,0.900425,31.371911,-36.799331,147.173231
53988,NaN,5.383878,3.421386,5.606894,-0.326918,0.163942,-1.327699,-0.109185,0.391757,1.223561,0.170678,0.363123,0.157913,0.902261,30.783241,-36.967296,148.060817
53989,NaN,5.765135,3.454674,5.479839,-0.702501,0.197555,-1.171677,-0.089512,0.466082,1.243695,0.164891,0.361939,0.155708,0.904194,30.177425,-37.097703,148.991417
53990,NaN,5.887052,3.489357,5.458405,-0.836376,0.133779,-1.100103,-0.075186,0.623441,1.255634,0.158893,0.360043,0.153675,0.906370,29.538946,-37.144545,149.988938
53991,NaN,5.942472,3.458960,5.535962,-0.854847,0.116720,-1.027521,-0.073798,0.762173,1.269960,0.152718,0.357516,0.151718,0.908758,28.865392,-37.117435,151.044136
53992,NaN,5.887069,3.376672,5.770986,-0.689922,0.131075,-0.931819,-0.089072,0.888097,1.261989,0.146496,0.354374,0.149801,0.911327,28.162400,-37.014093,152.136760
53993,NaN,5.632478,3.112639,6.168419,-0.254806,0.270587,-0.906297,-0.090902,0.967413,1.246246,0.140287,0.350841,0.147945,0.913971,27.452029,-36.856170,153.241790
53994,NaN,5.447328,2.805596,6.423016,0.030215,0.463032,-0.947936,-0.063206,1.006894,1.215950,0.134124,0.347099,0.146294,0.916587,26.767651,-36.658885,154.335926
53995,NaN,5.232535,2.664259,6.697516,0.322588,0.508587,-0.926121,-0.005279,0.976077,1.183924,0.128026,0.343497,0.144928,0.919029,26.140330,-36.459790,155.393695
53996,NaN,5.147999,2.581412,6.765483,0.376777,0.518055,-0.951171,0.042718,0.915722,1.146041,0.122053,0.340152,0.143809,0.921259,25.572573,-36.272918,156.403630
53997,NaN,4.978048,2.623306,6.694327,0.394276,0.365097,-1.084137,0.087759,0.820433,1.118300,0.116199,0.337241,0.142870,0.923231,25.062636,-36.121498,157.361742
53998,NaN,4.738961,2.793815,6.340812,0.278101,0.022979,-1.422758,0.110715,0.703011,1.106712,0.110432,0.334857,0.141990,0.924940,24.594989,-36.021222,158.274951
53999,NaN,4.692228,3.034552,6.010505,0.042880,-0.321596,-1.612309,0.130693,0.620695,1.100472,0.104720,0.332851,0.141154,0.926455,24.156853,-35.957104,159.157560
54000,NaN,4.868617,3.419443,6.138557,-0.067237,-0.652948,-1.289377,0.118831,0.584927,1.107555,0.099011,0.330992,0.140235,0.927887,23.717366,-35.907388,160.033765
54001,NaN,5.257153,3.517672,6.425959,-0.206614,-0.633987,-0.820486,0.068796,0.572008,1.119220,0.093342,0.329167,0.139045,0.929302,23.247496,-35.861968,160.912205
54002,NaN,5.515004,3.493955,6.675142,-0.267237,-0.551580,-0.495795,0.050614,0.633345,1.107975,0.087703,0.327025,0.137820,0.930789,22.763732,-35.775283,161.799685
54003,NaN,5.608015,3.445504,6.795736,-0.291326,-0.517475,-0.370745,0.033210,0.715481,1.095941,0.082093,0.324474,0.136556,0.932379,22.263728,-35.636769,162.698757
54004,NaN,5.683207,3.366635,7.041147,-0.232465,-0.434338,-0.170714,0.027487,0.803154,1.073507,0.076528,0.321479,0.135340,0.934065,21.760228,-35.440012,163.603458
54005,NaN,5.789128,3.284178,7.134596,-0.304241,-0.371286,-0.067365,0.014720,0.879193,1.036986,0.071106,0.318089,0.134138,0.935826,21.256907,-35.189035,164.498615
54006,NaN,5.437096,3.192515,7.078117,-0.113268,-0.427737,-0.343917,0.028252,0.891854,1.008598,0.065777,0.314607,0.133051,0.937546,20.777235,-34.918745,165.373464
54007,NaN,4.869195,3.341941,7.029879,0.251559,-0.747228,-0.665292,0.026213,0.830505,0.981879,0.060621,0.311385,0.131963,0.939122,20.320776,-34.670590,166.209701
54008,NaN,4.672162,3.389987,6.956805,0.322440,-0.892183,-0.822804,0.012855,0.739020,0.958280,0.055648,0.308557,0.130824,0.940522,19.883758,-34.461227,167.004607
54009,NaN,4.791525,3.467397,6.904959,0.160478,-1.001244,-0.777673,-0.021778,0.656814,0.933067,0.050909,0.306083,0.129526,0.941777,19.450968,-34.286772,167.758959
54010,NaN,4.910385,3.275084,7.160310,0.193050,-0.789471,-0.568916,-0.042937,0.496387,0.909662,0.046405,0.304330,0.128127,0.942769,19.038750,-34.189708,168.459641
54011,NaN,5.060685,3.138433,7.366977,0.177880,-0.638267,-0.363170,-0.061381,0.359715,0.865724,0.042230,0.303186,0.126667,0.943531,18.650359,-34.154935,169.098737
54012,NaN,4.977310,3.008974,7.509265,0.321378,-0.544493,-0.335523,-0.069215,0.256503,0.826925,0.038308,0.302493,0.125210,0.944115,18.285225,-34.165374,169.690161
54013,NaN,5.024214,2.891207,7.618393,0.344054,-0.446470,-0.256337,-0.058212,0.202601,0.784142,0.034610,0.302028,0.123852,0.944586,17.948079,-34.194872,170.241250
54014,NaN,5.205945,2.802502,7.840224,0.322837,-0.331896,-0.003995,-0.041844,0.196800,0.765005,0.030975,0.301573,0.122603,0.945020,17.628039,-34.221239,170.779633
54015,NaN,5.328133,2.672671,7.775071,0.180996,-0.246996,-0.020345,-0.015757,0.230825,0.774125,0.027245,0.300966,0.121461,0.945476,17.314987,-34.228409,171.330346
54016,NaN,5.420127,2.682388,7.644332,0.024041,-0.315847,-0.070600,-0.007974,0.294775,0.781647,0.023419,0.300053,0.120357,0.946009,16.996655,-34.199036,171.900126
54017,NaN,5.485855,2.925402,7.412639,-0.168979,-0.639823,-0.160660,-0.064547,0.396357,0.787651,0.019595,0.298655,0.118981,0.946713,16.632742,-34.112418,172.492814
54018,NaN,5.304155,2.894566,7.517808,0.020135,-0.658092,-0.189993,-0.127180,0.428626,0.781544,0.015867,0.297086,0.117323,0.947483,16.233627,-34.003529,173.087171
54019,NaN,4.846713,2.541805,7.433361,0.318203,-0.429628,-0.597472,-0.155045,0.316413,0.751950,0.012392,0.296026,0.115562,0.948083,15.842729,-33.948629,173.638285
54020,NaN,4.680241,2.319270,7.501394,0.473271,-0.260776,-0.687864,-0.141546,0.260405,0.719580,0.009077,0.295206,0.113912,0.948575,15.478474,-33.916333,174.157382
54021,NaN,5.266934,2.359867,7.397347,-0.077174,-0.318707,-0.435984,-0.116893,0.282772,0.719082,0.005723,0.294279,0.112375,0.949073,15.126588,-33.869149,174.678812
54022,NaN,6.502803,2.545266,7.484772,-1.064084,-0.441051,0.358810,-0.152656,0.560874,0.736517,0.002174,0.292033,0.110652,0.949983,14.722141,-33.667470,175.260985
54023,NaN,7.248482,2.321464,7.320676,-1.850847,-0.271195,0.580662,-0.144034,1.030457,0.663412,-0.001292,0.287511,0.109075,0.951545,14.309739,-33.191649,175.870488
54024,NaN,4.664957,2.024432,7.687727,0.381610,-0.117175,-0.603968,-0.187586,1.462759,0.525593,-0.004283,0.280840,0.107485,0.953707,13.893011,-32.452421,176.453210
54025,NaN,3.462155,1.951169,7.830956,1.353107,-0.110241,-1.136661,0.035874,1.351684,0.486257,-0.007331,0.274661,0.107008,0.955540,13.638685,-31.767090,176.981344
54026,NaN,4.639797,2.341976,7.892369,0.303228,-0.446486,-0.378199,0.107714,1.415501,0.510317,-0.010636,0.268168,0.106838,0.957371,13.421592,-31.047294,177.529047
54027,NaN,4.892456,2.319107,7.925609,-0.025348,-0.438515,-0.224414,-0.018689,1.632263,0.539631,-0.014019,0.260646,0.106000,0.959495,13.115924,-30.208596,178.119748
54028,NaN,5.985217,2.904625,8.438560,-0.812116,-0.918361,0.862695,-0.024600,1.676673,0.613499,-0.017779,0.252928,0.105031,0.961603,12.792921,-29.351558,178.755000
54029,NaN,4.956261,2.283257,9.521660,0.390418,-0.176637,1.153302,-0.537181,1.729055,0.575689,-0.020727,0.244965,0.101629,0.963968,12.199058,-28.456416,179.359360
54030,NaN,0.539125,1.472870,9.466955,4.053121,0.499899,-1.129086,-0.289709,0.921132,0.451446,-0.022976,0.240790,0.099652,0.965174,11.848385,-27.994597,179.763833
54031,NaN,2.634958,1.765065,8.913305,1.922202,0.081459,-0.549652,-0.183266,0.417904,0.289658,-0.024312,0.238949,0.098436,0.965724,11.641498,-27.794607,179.994522
54032,NaN,4.933577,2.015305,8.353509,-0.376795,-0.304617,0.084170,-0.157414,0.426976,0.311967,-0.025800,0.237068,0.097321,0.966262,11.443746,-27.591227,-179.759801
54033,NaN,6.243970,2.232165,7.939693,-1.761724,-0.648419,0.359997,-0.313934,0.886324,0.330203,-0.027405,0.232994,0.095363,0.967403,11.126305,-27.130902,-179.447306
54034,NaN,5.622839,1.838939,7.897141,-1.354643,-0.320245,-0.044157,-0.282021,1.098541,0.336661,-0.029187,0.227884,0.093524,0.968747,10.818193,-26.550313,-179.108141
54035,NaN,4.159384,1.665990,8.222060,-0.020460,-0.114604,-0.449799,-0.226965,1.180596,0.338315,-0.031067,0.222364,0.091931,0.970123,10.542257,-25.922343,-178.764399
54036,NaN,3.114656,1.587523,8.320498,0.866451,-0.029450,-0.829373,-0.049931,0.879002,0.330021,-0.032974,0.218266,0.091253,0.971054,10.389934,-25.462107,-178.463785
54037,NaN,3.675735,1.819414,8.603008,0.435828,-0.233084,-0.294892,0.028720,0.724706,0.300301,-0.034742,0.214889,0.091011,0.971768,10.300932,-25.085363,-178.202565
54038,NaN,3.559137,2.023075,9.098403,0.707959,-0.347490,0.133115,0.028129,0.650977,0.298075,-0.036474,0.211864,0.090782,0.972390,10.217766,-24.749453,-177.951216
54039,NaN,3.332849,1.801380,9.197112,0.878121,-0.114451,0.094650,0.044577,0.529747,0.299174,-0.038164,0.209426,0.090651,0.972865,10.150995,-24.481840,-177.714907
54040,NaN,3.922943,1.737160,8.563981,0.037781,-0.201943,-0.236330,0.105780,0.491177,0.287865,-0.039854,0.207154,0.090838,0.973266,10.125240,-24.234547,-177.489474
54041,NaN,3.821031,1.981771,8.166309,-0.039398,-0.517749,-0.596042,0.161853,0.526713,0.279019,-0.041567,0.204695,0.091298,0.973672,10.133339,-23.966379,-177.267132
54042,NaN,3.196215,2.215425,8.353480,0.595165,-0.681540,-0.642861,0.169276,0.428279,0.257330,-0.043145,0.202699,0.091837,0.973970,10.156523,-23.751504,-177.068316
54043,NaN,3.163763,2.414398,8.807662,0.799631,-0.781799,-0.212533,0.139589,0.261591,0.246138,-0.044552,0.201518,0.092277,0.974110,10.173501,-23.629643,-176.896117
54044,NaN,3.762032,2.506631,9.317410,0.448335,-0.799113,0.502865,0.086157,0.112062,0.242688,-0.045829,0.201072,0.092495,0.974122,10.167553,-23.591700,-176.741501
54045,NaN,4.104794,2.416973,9.900788,0.347686,-0.617636,1.151542,-0.005435,0.004803,0.240585,-0.046945,0.201171,0.092293,0.974068,10.114486,-23.614008,-176.601128
54046,NaN,4.005478,2.011207,10.206529,0.516945,-0.166080,1.321367,-0.098345,-0.138809,0.217615,-0.047798,0.201978,0.091695,0.973916,10.019908,-23.714824,-176.489400
54047,NaN,4.022015,1.622508,9.885065,0.356328,0.135221,0.975188,-0.121459,-0.300541,0.201315,-0.048465,0.203571,0.091039,0.973613,9.922969,-23.905135,-176.406142
54048,NaN,4.354138,1.564895,8.770684,-0.347008,-0.057128,0.097332,-0.056794,-0.386777,0.191438,-0.049120,0.205562,0.090730,0.973190,9.868765,-24.143029,-176.336683
54049,NaN,4.248912,1.921894,7.881312,-0.515882,-0.578389,-0.687925,0.019342,-0.295083,0.165887,-0.049761,0.207077,0.090793,0.972831,9.860393,-24.326636,-176.273998
54050,NaN,3.745740,2.246981,7.696704,-0.064319,-0.901462,-1.009168,0.059532,-0.151992,0.135283,-0.050368,0.207871,0.091048,0.972606,9.876234,-24.426453,-176.213710
54051,NaN,3.754510,2.413393,7.898673,0.040615,-1.021688,-0.798013,0.070866,-0.018023,0.123625,-0.050982,0.208006,0.091337,0.972518,9.895697,-24.449559,-176.147369
54052,NaN,4.252119,2.486145,8.507629,-0.160438,-1.001364,-0.034512,0.059574,0.095170,0.168011,-0.051862,0.207612,0.091496,0.972541,9.892074,-24.413116,-176.040088
54053,NaN,4.223133,2.223968,8.885278,-0.030222,-0.671405,0.250977,0.027098,0.181104,0.185802,-0.052821,0.206818,0.091456,0.972662,9.861902,-24.329934,-175.914036
54054,NaN,3.948223,1.970555,9.123225,0.264610,-0.363969,0.311653,0.018980,0.169634,0.171756,-0.053711,0.206074,0.091394,0.972777,9.831075,-24.251741,-175.796584
54055,NaN,4.073300,1.872068,9.173219,0.145066,-0.270986,0.392697,0.018093,0.133710,0.149529,-0.054466,0.205496,0.091361,0.972861,9.807382,-24.191646,-175.697871
54056,NaN,3.926038,1.876982,9.318860,0.329612,-0.241253,0.464040,-0.010249,0.066713,0.122940,-0.055041,0.205238,0.091235,0.972895,9.776970,-24.166705,-175.621809
54057,NaN,3.629218,1.852733,9.592098,0.705298,-0.148166,0.584081,-0.066939,-0.069019,0.089433,-0.055324,0.205641,0.090905,0.972824,9.728783,-24.215138,-175.582105
54058,NaN,3.334884,1.760625,9.772791,1.052347,-0.008819,0.609456,-0.113924,-0.321331,0.076063,-0.055387,0.207277,0.090430,0.972518,9.667676,-24.404713,-175.576159
54059,NaN,3.551183,1.640751,9.899823,0.941863,0.112475,0.789636,-0.121872,-0.663996,0.083473,-0.055314,0.210585,0.090003,0.971851,9.615341,-24.788531,-175.602708
54060,NaN,4.272403,1.605421,9.418319,0.172806,0.000113,0.651776,-0.090979,-0.860488,0.102109,-0.055284,0.214842,0.089759,0.970943,9.584335,-25.285174,-175.636986
54061,NaN,5.648575,1.397201,8.407750,-1.426479,-0.086197,0.311840,0.003180,-0.743590,0.119932,-0.055481,0.218512,0.089920,0.970097,9.597817,-25.717429,-175.649303
54062,NaN,5.706986,1.512699,7.817050,-1.647984,-0.313736,-0.161273,0.057109,-0.408239,0.137077,-0.055982,0.220545,0.090229,0.969580,9.621720,-25.961928,-175.613896
54063,NaN,5.063538,1.600934,7.960605,-0.966815,-0.324534,-0.297776,0.031903,-0.197384,0.159664,-0.056651,0.221573,0.090332,0.969297,9.615301,-26.089519,-175.542973
54064,NaN,5.600226,1.560075,8.069212,-1.393435,-0.303224,0.029819,0.051781,-0.030253,0.215576,-0.057698,0.221810,0.090422,0.969173,9.596514,-26.127987,-175.417835
54065,NaN,6.124488,1.706514,8.197199,-1.786988,-0.467209,0.395348,0.059336,0.149721,0.287285,-0.059171,0.221206,0.090417,0.969222,9.554177,-26.071662,-175.229743
54066,NaN,5.747046,1.537176,8.200260,-1.491385,-0.288268,0.203714,0.060370,0.345871,0.329033,-0.060947,0.219667,0.090312,0.969472,9.491936,-25.908189,-174.993682
54067,NaN,4.792387,1.385339,8.419497,-0.600259,-0.037419,-0.044769,0.067496,0.445652,0.344584,-0.062839,0.217651,0.090195,0.969817,9.426372,-25.689770,-174.739465
54068,NaN,4.001880,1.296112,8.705213,0.178227,0.158769,-0.147357,0.063987,0.396106,0.347797,-0.064731,0.215873,0.090071,0.970101,9.360856,-25.499176,-174.487630
54069,NaN,3.751138,1.283808,8.907207,0.457945,0.221451,-0.076223,0.036800,0.270955,0.350696,-0.066541,0.214714,0.089853,0.970256,9.285758,-25.379566,-174.248770
54070,NaN,3.610890,1.211701,8.960152,0.580121,0.304312,-0.098682,0.020524,0.125460,0.330329,-0.068179,0.214254,0.089625,0.970265,9.213205,-25.339846,-174.036473
54071,NaN,3.470093,1.242601,9.018052,0.735719,0.290906,-0.102644,0.015187,-0.023261,0.303570,-0.069606,0.214506,0.089450,0.970124,9.151564,-25.381773,-173.857221
54072,NaN,3.549300,1.292522,8.914848,0.645854,0.207916,-0.154414,0.002536,-0.174620,0.274577,-0.070820,0.215482,0.089298,0.969834,9.096378,-25.506325,-173.709991
54073,NaN,3.661056,1.351540,8.849836,0.556970,0.122315,-0.157414,-0.008951,-0.303056,0.251747,-0.071842,0.217075,0.089160,0.969416,9.046212,-25.701521,-173.590991
54074,NaN,4.047153,1.402104,8.655528,0.176475,-0.007993,-0.157006,-0.008003,-0.351564,0.233816,-0.072768,0.218892,0.089062,0.968947,9.002680,-25.922306,-173.486353
54075,NaN,4.786731,1.512194,8.385097,-0.541673,-0.248539,-0.057991,0.003047,-0.270860,0.221820,-0.073673,0.220310,0.089002,0.968563,8.965139,-26.096414,-173.382179
54076,NaN,5.054477,1.536332,8.358460,-0.763801,-0.311047,0.040827,-0.012891,-0.113200,0.233024,-0.074695,0.220973,0.088794,0.968353,8.907783,-26.182068,-173.253740
54077,NaN,5.163915,1.435997,8.409050,-0.849467,-0.224619,0.120498,-0.006293,0.033033,0.249918,-0.075859,0.220935,0.088545,0.968294,8.843392,-26.186494,-173.101534
54078,NaN,5.132829,1.355486,8.469159,-0.814333,-0.143530,0.148546,0.002957,0.136684,0.271766,-0.077197,0.220399,0.088276,0.968335,8.773427,-26.133805,-172.923993
54079,NaN,5.141600,1.378487,8.488151,-0.820990,-0.176915,0.171281,0.033919,0.214381,0.292759,-0.078694,0.219486,0.088105,0.968437,8.712727,-26.038998,-172.727194
54080,NaN,5.047305,1.358140,8.622210,-0.704005,-0.132993,0.244597,0.054754,0.286795,0.309008,-0.080334,0.218217,0.087987,0.968600,8.656543,-25.904166,-172.512157
54081,NaN,4.795888,1.298025,8.729621,-0.473331,-0.037581,0.220564,0.052092,0.364490,0.306828,-0.081985,0.216575,0.087828,0.968845,8.597275,-25.725219,-172.292732
54082,NaN,3.995913,1.209489,8.964254,0.290986,0.180734,0.070158,0.062511,0.312587,0.301388,-0.083608,0.215173,0.087746,0.969026,8.548016,-25.574746,-172.080917
54083,NaN,3.541189,1.197087,9.098265,0.730502,0.269790,-0.007330,0.066521,0.156991,0.266451,-0.084986,0.214510,0.087785,0.969049,8.517729,-25.509628,-171.907446
54084,NaN,3.161182,1.132842,9.235725,1.110049,0.405356,-0.056741,0.021745,-0.036627,0.233575,-0.086082,0.214787,0.087725,0.968897,8.478173,-25.551052,-171.771412
54085,NaN,2.787439,1.062353,9.291629,1.467744,0.531411,-0.179617,-0.027983,-0.231070,0.179108,-0.086765,0.216005,0.087566,0.968579,8.432899,-25.698228,-171.689024
54086,NaN,3.076739,1.326675,8.992449,1.177456,0.175605,-0.290443,-0.033751,-0.429459,0.150851,-0.087229,0.218171,0.087495,0.968059,8.399374,-25.955193,-171.641274
54087,NaN,4.583868,1.584226,8.683059,-0.187330,-0.331308,0.125725,0.017837,-0.521859,0.188728,-0.087881,0.220778,0.087672,0.967392,8.388711,-26.267833,-171.579335
54088,NaN,5.556108,1.396204,8.105132,-1.280617,-0.393633,0.021836,0.047903,-0.353541,0.234519,-0.088871,0.222575,0.087870,0.966872,8.374715,-26.488726,-171.471171
54089,NaN,6.367204,1.332197,7.491995,-2.241234,-0.568294,-0.163857,0.136519,-0.069469,0.267690,-0.090234,0.222976,0.088333,0.966611,8.390340,-26.551567,-171.316674
54090,NaN,5.406207,1.315069,7.444235,-1.416560,-0.436243,-0.637932,0.133988,0.219374,0.254649,-0.091669,0.221973,0.088667,0.966676,8.395853,-26.449422,-171.142156
54091,NaN,3.553942,1.436013,8.110906,0.505261,-0.160277,-0.857331,0.099095,0.279116,0.183177,-0.092736,0.220668,0.088885,0.966853,8.399777,-26.307762,-171.008754
54092,NaN,2.559666,1.609634,8.726138,1.660260,-0.056557,-0.728161,0.091864,0.123759,0.119441,-0.093428,0.220085,0.089209,0.966890,8.423690,-26.248530,-170.928940
54093,NaN,2.929242,1.614934,9.263291,1.551956,0.008245,-0.087031,0.104477,-0.063671,0.076302,-0.093831,0.220386,0.089730,0.966734,8.475102,-26.292189,-170.895331
54094,NaN,3.941951,1.381302,9.205458,0.591578,0.090218,0.278363,0.131949,-0.174596,0.085101,-0.094267,0.221212,0.090426,0.966438,8.543990,-26.399230,-170.865299
54095,NaN,4.658195,1.444145,9.145261,-0.034546,-0.070782,0.551380,0.138637,-0.191910,0.092582,-0.094730,0.222123,0.091154,0.966115,8.615736,-26.516940,-170.833575
54096,NaN,4.548947,1.423475,9.564506,0.250951,0.067334,0.870543,0.051245,-0.206978,0.093669,-0.095103,0.223146,0.091465,0.965813,8.637320,-26.643116,-170.801411
54097,NaN,4.508198,1.022543,9.670502,0.269293,0.488156,0.891384,-0.030898,-0.309461,0.096270,-0.095339,0.224706,0.091426,0.965432,8.615860,-26.827753,-170.778772
54098,NaN,4.966131,1.215788,9.287702,-0.210597,0.154898,0.786062,-0.026244,-0.403030,0.119907,-0.095662,0.226723,0.091426,0.964928,8.593778,-27.067232,-170.748630
54099,NaN,6.009287,1.835773,8.819056,-1.144736,-0.694054,0.932782,0.002316,-0.286746,0.172688,-0.096315,0.228192,0.091449,0.964515,8.567838,-27.245509,-170.674860
54100,NaN,6.142095,1.768098,8.455326,-1.408028,-0.730209,0.667211,0.047771,-0.050582,0.197979,-0.097260,0.228508,0.091548,0.964336,8.549583,-27.291935,-170.560839
54101,NaN,4.832722,1.406758,8.391811,-0.366922,-0.210813,-0.036309,0.016942,0.090440,0.196501,-0.098217,0.228161,0.091432,0.964332,8.508324,-27.258540,-170.435596
54102,NaN,3.838535,1.259245,8.456628,0.494698,0.085941,-0.454136,0.004887,0.058944,0.173293,-0.099043,0.227959,0.091298,0.964308,8.467946,-27.240687,-170.326847
54103,NaN,3.840781,1.306393,8.696364,0.607420,0.088865,-0.236250,-0.006517,-0.046205,0.147438,-0.099674,0.228259,0.091193,0.964182,8.433560,-27.280444,-170.245869
54104,NaN,4.280734,1.262127,9.038209,0.367235,0.136568,0.259717,-0.044294,-0.119545,0.144813,-0.100226,0.228928,0.090943,0.963990,8.380928,-27.361237,-170.172078
54105,NaN,4.736296,1.086354,9.007385,-0.068918,0.223774,0.419165,-0.059654,-0.143162,0.159123,-0.100805,0.229728,0.090616,0.963770,8.316653,-27.456779,-170.092837
54106,NaN,4.887609,1.076508,8.930047,-0.218439,0.186451,0.420144,-0.046525,-0.138216,0.150314,-0.101372,0.230490,0.090359,0.963552,8.261571,-27.548477,-170.016959
54107,NaN,4.725541,1.102426,8.756017,-0.128696,0.143723,0.196142,-0.017990,-0.123905,0.129577,-0.101868,0.231162,0.090257,0.963349,8.228636,-27.630539,-169.954277
54108,NaN,4.461233,1.169577,8.739247,0.125638,0.114526,0.067395,-0.007113,-0.132691,0.113866,-0.102307,0.231861,0.090228,0.963137,8.206422,-27.716035,-169.900979
54109,NaN,4.555161,1.222956,8.707094,0.057428,0.041318,0.089513,0.000715,-0.127352,0.103093,-0.102695,0.232528,0.090248,0.962933,8.192031,-27.797842,-169.855488
54110,NaN,4.630296,1.269699,8.741958,0.031085,-0.007728,0.160906,0.001250,-0.097963,0.103517,-0.103109,0.233050,0.090254,0.962762,8.176021,-27.862771,-169.805491
54111,NaN,4.568970,1.210712,8.785790,0.099621,0.067510,0.163130,-0.004686,-0.074920,0.104037,-0.103519,0.233467,0.090220,0.962620,8.155838,-27.914908,-169.754458
54112,NaN,4.611510,1.166855,8.715897,0.031031,0.085716,0.116367,-0.010682,-0.068306,0.103449,-0.103932,0.233853,0.090153,0.962488,8.131603,-27.962979,-169.701677
54113,NaN,4.810925,1.157136,8.780470,-0.108444,0.075181,0.265170,-0.020663,-0.054845,0.103145,-0.104328,0.234181,0.090033,0.962377,8.101530,-28.003572,-169.649194
54114,NaN,4.310036,0.688868,8.885908,0.266298,0.623977,0.064055,-0.070870,-0.060907,0.062581,-0.104478,0.234544,0.089720,0.962301,8.054714,-28.044103,-169.621897
54115,NaN,3.358983,0.334563,8.562270,0.878722,1.041034,-0.710422,-0.072997,-0.183347,0.007216,-0.104293,0.235474,0.089527,0.962112,8.029059,-28.149887,-169.642751
54116,NaN,3.915079,0.835060,7.831372,0.220328,0.313200,-1.025830,0.011907,-0.266373,-0.016216,-0.104068,0.236747,0.089813,0.961797,8.062389,-28.300649,-169.684813
54117,NaN,4.874811,1.573224,7.564090,-0.529306,-0.599045,-0.712400,0.051034,-0.191900,0.019353,-0.104085,0.237658,0.090205,0.961534,8.104507,-28.412198,-169.698627
54118,NaN,5.397429,1.589638,7.757171,-0.880593,-0.646759,-0.292229,0.075687,-0.080614,0.074773,-0.104457,0.238045,0.090593,0.961362,8.138573,-28.464912,-169.665208
54119,NaN,4.943699,1.540839,8.207701,-0.298953,-0.423369,-0.121862,0.065814,0.028768,0.089704,-0.104930,0.237920,0.090858,0.961316,8.157911,-28.457026,-169.613275
54120,NaN,4.458114,1.535849,8.498170,0.244949,-0.273930,-0.100970,0.062627,0.040660,0.080434,-0.105369,0.237732,0.091112,0.961290,8.177422,-28.441444,-169.565022
54121,NaN,3.876533,1.415417,8.947941,0.914352,0.039712,-0.001523,0.054103,-0.012404,0.041953,-0.105577,0.237790,0.091400,0.961226,8.206664,-28.453064,-169.547934
54122,NaN,3.799136,1.278768,9.159025,1.047862,0.236856,0.127246,0.024618,-0.152702,0.023722,-0.105610,0.238526,0.091641,0.961017,8.230401,-28.542525,-169.554258
54123,NaN,4.629421,1.044526,9.041101,0.241146,0.311341,0.390691,0.052977,-0.258929,0.058987,-0.105790,0.239775,0.092032,0.960649,8.264563,-28.695285,-169.548837
54124,NaN,5.393683,0.992281,8.918294,-0.459418,0.222302,0.644457,0.076357,-0.252893,0.091172,-0.106162,0.240995,0.092494,0.960258,8.301576,-28.847114,-169.521099
54125,NaN,5.796980,1.117729,8.529187,-0.925852,-0.041959,0.518930,0.095543,-0.174550,0.114209,-0.106692,0.241842,0.092979,0.959940,8.339286,-28.956665,-169.472759
54126,NaN,5.080257,1.335472,8.651315,-0.185931,-0.101389,0.306250,0.061569,-0.103068,0.086624,-0.107094,0.242348,0.093295,0.959737,8.362325,-29.023211,-169.433862
54127,NaN,4.562595,1.399988,8.328780,0.141629,-0.148079,-0.215614,0.081289,-0.094767,0.067132,-0.107419,0.242797,0.093726,0.959545,8.402792,-29.083635,-169.408253
54128,NaN,4.339202,1.660123,7.917384,0.224019,-0.446711,-0.646450,0.144868,-0.097872,0.051866,-0.107757,0.243218,0.094481,0.959326,8.484248,-29.144367,-169.391479
54129,NaN,4.258613,1.848986,7.639282,0.222861,-0.664186,-0.900767,0.204712,-0.071065,0.022430,-0.108031,0.243464,0.095544,0.959128,8.608409,-29.187552,-169.392449
54130,NaN,4.177122,1.936648,7.779284,0.380106,-0.682713,-0.806822,0.243026,-0.038406,0.019977,-0.108364,0.243530,0.096777,0.958950,8.753438,-29.211905,-169.390749
54131,NaN,4.281096,1.886104,8.555686,0.627398,-0.445584,-0.091950,0.198044,-0.080267,0.017101,-0.108596,0.243823,0.097821,0.958743,8.876262,-29.259953,-169.396772
54132,NaN,4.926539,1.590355,9.168775,0.281760,-0.102614,0.712355,0.091731,-0.152622,0.041080,-0.108790,0.244528,0.098364,0.958486,8.933637,-29.350835,-169.393098
54133,NaN,5.626283,1.092760,9.594456,-0.234710,0.372280,1.354633,0.000331,-0.222968,0.084941,-0.109039,0.245644,0.098454,0.958163,8.928567,-29.485588,-169.369283
54134,NaN,6.078733,0.698756,9.449898,-0.758790,0.643491,1.401139,-0.046863,-0.275862,0.100778,-0.109288,0.247044,0.098327,0.957788,8.893553,-29.651528,-169.339335
54135,NaN,5.676767,0.633018,9.117929,-0.551250,0.691428,0.910232,-0.042175,-0.261992,0.074498,-0.109410,0.248365,0.098248,0.957440,8.869508,-29.807533,-169.326736
54136,NaN,4.820569,0.894137,8.978474,0.215602,0.549183,0.400156,-0.028316,-0.350931,0.049305,-0.109399,0.250088,0.098314,0.956986,8.865419,-30.011405,-169.337806
54137,NaN,4.700168,0.936677,8.839435,0.306256,0.503052,0.225117,-0.000074,-0.464536,0.035308,-0.109289,0.252333,0.098594,0.956380,8.888421,-30.278504,-169.371118
54138,NaN,5.153385,0.830419,8.685247,-0.132476,0.507114,0.306878,0.008956,-0.443198,0.032289,-0.109196,0.254467,0.098909,0.955793,8.916324,-30.533090,-169.403042
54139,NaN,4.942899,0.895528,8.564786,0.045719,0.460835,0.105740,0.020033,-0.363040,0.020137,-0.109089,0.256206,0.099248,0.955305,8.950961,-30.741401,-169.436152
54140,NaN,5.071898,1.196608,8.366612,-0.048254,0.113946,0.043319,0.014446,-0.261061,0.019818,-0.109033,0.257459,0.099505,0.954948,8.976950,-30.891761,-169.457815
54141,NaN,5.580573,1.407381,8.104329,-0.525662,-0.226364,0.110824,-0.009877,-0.156163,0.041358,-0.109090,0.258236,0.099561,0.954726,8.976502,-30.984877,-169.455756
54142,NaN,5.905692,1.390774,8.056887,-0.815235,-0.273584,0.236462,-0.034757,-0.044349,0.066368,-0.109301,0.258504,0.099405,0.954645,8.946926,-31.016742,-169.424153
54143,NaN,5.591906,1.261589,8.300507,-0.466435,-0.047546,0.263999,-0.079454,0.035782,0.085444,-0.109574,0.258424,0.098967,0.954681,8.881343,-31.005042,-169.372979
54144,NaN,5.543889,1.310098,8.318505,-0.406329,-0.094103,0.260773,-0.094706,0.072571,0.115038,-0.109998,0.258190,0.098397,0.954755,8.794652,-30.974937,-169.297150
54145,NaN,5.814305,1.123971,9.090634,-0.319544,0.212367,1.029906,-0.143713,0.050152,0.152229,-0.110515,0.258111,0.097558,0.954802,8.668751,-30.960911,-169.200300
54146,NaN,4.848112,0.363619,8.667430,0.098535,0.973942,0.076825,-0.140596,0.006650,0.108039,-0.110813,0.258213,0.096815,0.954816,8.561650,-30.967297,-169.135851
54147,NaN,4.149241,0.722744,8.200969,0.567482,0.619314,-0.631791,-0.089898,-0.069688,0.074106,-0.110967,0.258639,0.096399,0.954725,8.499372,-31.014306,-169.102815
54148,NaN,4.657038,1.678694,8.049084,0.334786,-0.416887,-0.378291,-0.007177,-0.229104,0.110385,-0.111335,0.259793,0.096421,0.954366,8.479770,-31.154366,-169.060000
54149,NaN,4.602131,1.750655,7.923435,0.364810,-0.505376,-0.504805,-0.006078,-0.253225,0.129589,-0.111775,0.261073,0.096435,0.953964,8.455544,-31.309851,-169.007947
54150,NaN,4.111861,1.788728,8.040359,0.870655,-0.430255,-0.657849,0.004648,-0.333107,0.125821,-0.112181,0.262723,0.096550,0.953452,8.442376,-31.510127,-168.964876
54151,NaN,4.186834,1.899215,8.236986,0.968670,-0.493444,-0.442385,0.028520,-0.439070,0.144829,-0.112648,0.264876,0.096813,0.952774,8.441880,-31.772303,-168.920844
54152,NaN,4.991701,1.825243,8.515439,0.459774,-0.477574,0.203379,0.034047,-0.504575,0.203219,-0.113377,0.267361,0.097061,0.951968,8.426716,-32.076255,-168.842769
54153,NaN,6.079085,1.352933,8.749022,-0.402340,-0.140556,0.918071,0.043783,-0.483800,0.266173,-0.114420,0.269773,0.097259,0.951142,8.393275,-32.373859,-168.721237
54154,NaN,6.221101,0.753206,8.776275,-0.617784,0.418954,0.945336,0.052426,-0.393928,0.270537,-0.115547,0.271750,0.097440,0.950424,8.357327,-32.620641,-168.586105
54155,NaN,5.431427,0.510056,8.532890,-0.111707,0.724993,0.288429,0.071174,-0.329328,0.268697,-0.116712,0.273410,0.097675,0.949781,8.328980,-32.830764,-168.446618
54156,NaN,5.033825,0.779354,8.145728,0.131807,0.445479,-0.216659,0.160965,-0.336038,0.264766,-0.117987,0.275044,0.098345,0.949083,8.352889,-33.044180,-168.308807
54157,NaN,4.890297,1.343500,8.038205,0.386535,-0.081270,-0.316551,0.194215,-0.350286,0.231732,-0.119131,0.276711,0.099227,0.948363,8.408867,-33.263255,-168.196268
54158,NaN,4.752349,1.568160,8.233316,0.698356,-0.204130,-0.205300,0.192469,-0.433135,0.210831,-0.120144,0.278757,0.100177,0.947536,8.475294,-33.527369,-168.104582
54159,NaN,4.922436,1.325256,8.381677,0.617353,0.055524,-0.022149,0.153594,-0.623161,0.258071,-0.121220,0.281751,0.100990,0.946427,8.512141,-33.903549,-168.001317
54160,NaN,5.575355,1.087568,8.262750,0.027120,0.158023,0.212990,0.148428,-0.744409,0.283211,-0.122355,0.285327,0.101816,0.945120,8.542314,-34.350301,-167.891722
54161,NaN,6.044295,1.057878,8.397073,-0.209674,0.161869,0.584072,0.153476,-0.832700,0.309235,-0.123562,0.289326,0.102681,0.943652,8.569880,-34.849423,-167.774471
54162,NaN,5.898116,1.106948,8.366384,-0.001945,0.157717,0.482155,0.190489,-0.939914,0.335776,-0.124901,0.293814,0.103746,0.941971,8.612978,-35.411534,-167.648203
54163,NaN,5.878510,1.233142,7.988974,-0.051248,-0.031238,0.182149,0.227624,-0.963749,0.353312,-0.126352,0.298395,0.104971,0.940200,8.670736,-35.988959,-167.513184
54164,NaN,6.131832,1.393061,7.768981,-0.224131,-0.257245,0.176296,0.255157,-0.958715,0.373912,-0.127949,0.302935,0.106289,0.938383,8.733894,-36.565224,-167.361667
54165,NaN,6.477209,1.311289,7.925438,-0.338833,-0.171726,0.499499,0.186211,-0.893283,0.399516,-0.129582,0.307219,0.107200,0.936660,8.741317,-37.106827,-167.185796
54166,NaN,6.517054,0.994317,8.173770,-0.235273,0.207428,0.683598,0.110011,-0.883145,0.432710,-0.131267,0.311514,0.107695,0.934949,8.687297,-37.645423,-166.982079
54167,NaN,6.263255,0.635906,8.285470,0.012360,0.636681,0.573614,0.097822,-0.992074,0.457040,-0.132975,0.316331,0.108162,0.933034,8.620174,-38.247594,-166.771752
54168,NaN,5.658644,0.585416,8.209622,0.527354,0.790164,0.130010,0.119456,-1.149297,0.464536,-0.134672,0.321860,0.108820,0.930821,8.568928,-38.939357,-166.569276
54169,NaN,4.809342,0.687777,7.745549,1.058009,0.743787,-0.761593,0.247680,-1.389076,0.459947,-0.136409,0.328402,0.110237,0.928112,8.606697,-39.766601,-166.395478
54170,NaN,4.894597,1.108149,7.124006,0.893459,0.193339,-1.146692,0.366680,-1.431638,0.464426,-0.138339,0.335042,0.112223,0.925211,8.710990,-40.618457,-166.221288
54171,NaN,5.195967,1.396689,7.049240,0.851430,-0.102225,-0.986397,0.519354,-1.561206,0.546016,-0.140812,0.342203,0.114858,0.921888,8.870603,-41.551433,-166.002295
54172,NaN,6.408581,1.665279,6.746476,0.015504,-0.612859,-0.379742,0.511439,-1.396480,0.572537,-0.143487,0.348598,0.117290,0.918768,8.996376,-42.393636,-165.742303
54173,NaN,6.843936,1.474862,6.548853,-0.353661,-0.536132,-0.247735,0.392983,-1.217922,0.583875,-0.146092,0.354247,0.119022,0.915969,9.030295,-43.136253,-165.451754
54174,NaN,7.576459,0.876739,5.698507,-1.485620,-0.355075,-0.415346,0.549935,-1.191169,0.591463,-0.149030,0.359643,0.121435,0.913072,9.142913,-43.864525,-165.148007
54175,NaN,8.475909,1.357821,5.622235,-1.882155,-0.961367,0.228561,0.474361,-0.895143,0.466904,-0.151425,0.363654,0.123501,0.910809,9.251651,-44.414277,-164.905119
54176,NaN,7.904347,1.572264,6.046056,-1.056241,-0.888748,0.167263,0.290829,-0.749772,0.438495,-0.153456,0.367114,0.124669,0.908920,9.254635,-44.879482,-164.662833
54177,NaN,6.807692,1.502661,6.698365,0.157128,-0.378559,-0.153380,0.270206,-0.749667,0.425015,-0.155373,0.370573,0.125766,0.907038,9.251343,-45.343109,-164.430981
54178,NaN,6.511381,1.353528,6.753131,0.414013,-0.143384,-0.344722,0.272505,-0.801920,0.392741,-0.157122,0.374240,0.126971,0.905061,9.269519,-45.833606,-164.228592
54179,NaN,6.680259,1.083190,6.498481,0.109618,0.015161,-0.430968,0.384347,-0.776127,0.299789,-0.158662,0.377638,0.128833,0.903116,9.402700,-46.301326,-164.099359
54180,NaN,6.833187,1.469045,6.357796,0.131737,-0.378885,-0.372838,0.379834,-0.714920,0.185654,-0.159726,0.380679,0.130839,0.901361,9.594479,-46.723663,-164.054612
54181,NaN,7.283159,1.328097,6.085720,-0.326825,-0.388567,-0.242640,0.254120,-0.871661,0.055507,-0.159844,0.384440,0.132650,0.899478,9.811385,-47.222497,-164.143889
54182,NaN,8.825677,1.016680,5.889612,-1.508046,-0.411471,0.731007,-0.010748,-0.879437,-0.187263,-0.158367,0.388273,0.133739,0.897930,10.028748,-47.701094,-164.438265
54183,NaN,9.249722,0.734510,6.171221,-1.636867,-0.079514,1.209774,-0.203852,-0.722061,-0.252058,-0.156311,0.391504,0.133962,0.896853,10.164801,-48.083742,-164.770786
54184,NaN,9.108029,0.706801,6.698312,-1.147692,0.197181,1.455265,-0.193664,-0.556892,-0.164703,-0.154791,0.394038,0.133927,0.896012,10.235033,-48.381765,-165.004850
54185,NaN,8.966978,1.126771,6.488678,-0.995305,-0.216546,1.266196,-0.125075,-0.296955,-0.132108,-0.153712,0.395368,0.133934,0.895611,10.296849,-48.535513,-165.174819
54186,NaN,7.179597,1.547046,6.663062,0.438614,-0.221527,0.091599,-0.085811,-0.073883,-0.203792,-0.152552,0.395626,0.134085,0.895672,10.400346,-48.556864,-165.369682
54187,NaN,6.200983,1.553210,6.391755,0.889696,-0.146727,-0.817907,-0.058446,-0.179423,-0.261408,-0.151106,0.396292,0.134553,0.895553,10.569990,-48.630656,-165.632239
54188,NaN,6.703196,1.280533,5.846200,0.110208,-0.153290,-0.828538,0.008158,-0.273347,-0.262131,-0.149735,0.397331,0.135391,0.895196,10.789711,-48.757372,-165.909705
54189,NaN,8.089442,1.560931,5.950715,-0.586044,-0.568142,0.317479,0.065859,-0.259138,-0.174254,-0.148873,0.398327,0.136300,0.894760,10.986008,-48.885430,-166.112514
54190,NaN,9.341244,1.813841,6.516509,-0.896402,-0.771930,1.659641,0.007986,-0.140690,-0.065827,-0.148470,0.398904,0.136648,0.894517,11.064857,-48.957945,-166.202269
54191,NaN,10.100095,1.308819,6.939972,-1.281499,-0.269840,2.441825,-0.119378,0.053910,-0.013576,-0.148167,0.398737,0.136179,0.894713,11.013855,-48.926213,-166.217054
54192,NaN,10.552282,0.013580,4.861138,-3.479166,0.084601,1.271965,-0.142118,0.449382,-0.069438,-0.147850,0.396782,0.135424,0.895748,10.935138,-48.666483,-166.211864
54193,NaN,8.433246,-0.119733,5.994426,-1.485467,0.920077,0.385983,0.030833,1.095529,-0.022806,-0.148521,0.391829,0.134864,0.897899,10.846530,-48.048094,-166.061778
54194,NaN,5.028420,1.148258,6.375148,1.353143,0.409942,-1.735168,0.127810,1.090802,-0.042943,-0.149283,0.386801,0.134786,0.899963,10.830829,-47.430260,-165.932679
54195,NaN,4.903174,1.873049,7.193796,2.170367,0.040564,-1.176272,0.060302,0.719984,-0.033790,-0.149697,0.383483,0.134658,0.901332,10.816055,-47.021208,-165.857050
54196,NaN,6.221269,1.401543,6.671910,0.737880,0.051219,-0.612921,-0.081345,0.397078,0.030116,-0.149914,0.381772,0.134012,0.902118,10.719489,-46.801565,-165.779585
54197,NaN,6.843834,1.136803,6.537490,0.108010,0.125595,-0.281600,-0.041121,0.351042,0.009403,-0.150071,0.380224,0.133622,0.902803,10.665297,-46.605456,-165.728958
54198,NaN,6.390068,1.291581,6.910343,0.683199,0.181257,-0.338811,-0.031846,0.243679,-0.005447,-0.150118,0.379142,0.133381,0.903286,10.636571,-46.468315,-165.705406
54199,NaN,6.328390,0.827437,6.726288,0.420003,0.546907,-0.566033,-0.158490,0.047497,-0.114424,-0.149294,0.378971,0.132921,0.903562,10.622195,-46.430284,-165.802497
54200,NaN,2.920679,0.245916,6.984853,2.649764,1.746228,-2.934574,-0.235039,-0.097221,-0.350470,-0.147170,0.379351,0.132671,0.903788,10.719367,-46.448489,-166.113304
54201,NaN,3.630851,0.505939,5.340996,1.216876,0.819459,-3.502937,-0.007336,-0.303428,-0.352626,-0.145318,0.380495,0.133605,0.903469,10.973310,-46.582146,-166.460728
54202,NaN,7.299287,1.712863,4.600197,-1.262231,-1.116573,-1.179310,0.367973,-0.278761,-0.139404,-0.145172,0.381391,0.135810,0.902785,11.313416,-46.724010,-166.629397
54203,NaN,8.108801,3.008342,5.647720,-0.646449,-2.034110,0.293943,0.390102,0.093810,-0.029709,-0.145805,0.380671,0.137633,0.902711,11.557245,-46.669479,-166.649263
54204,NaN,7.992389,3.392359,7.269521,0.602261,-1.768352,1.356129,0.190707,0.249976,-0.053367,-0.146069,0.379365,0.138489,0.903087,11.681216,-46.523568,-166.660397
54205,NaN,8.782773,2.073746,7.423103,-0.340837,-0.623125,1.850738,0.034260,0.212756,-0.013459,-0.146176,0.378373,0.138592,0.903470,11.697597,-46.403595,-166.647355
54206,NaN,9.368848,0.835916,6.838831,-1.598222,0.202337,1.704616,0.088615,0.362687,0.035179,-0.146724,0.376692,0.138735,0.904062,11.697087,-46.204723,-166.567276
54207,NaN,8.929897,1.048558,7.434563,-0.891182,0.277777,1.816740,0.128187,0.538574,0.074058,-0.147636,0.374208,0.138854,0.904926,11.676277,-45.911049,-166.427710
54208,NaN,7.555377,1.195493,7.615384,0.158685,0.412927,0.972076,-0.000218,0.437146,0.079589,-0.148268,0.372283,0.138456,0.905678,11.591652,-45.675461,-166.300602
54209,NaN,7.039122,1.039851,7.259896,0.195584,0.495513,0.338804,0.001043,0.244790,0.096652,-0.148841,0.371236,0.138172,0.906057,11.521451,-45.549290,-166.192934
54210,NaN,6.256929,1.216707,6.915860,0.565204,0.333260,-0.430356,0.080671,0.034903,0.098460,-0.149430,0.371084,0.138404,0.905986,11.520548,-45.541512,-166.117649
54211,NaN,5.296761,1.399823,6.614181,1.103237,0.225470,-1.298313,0.181432,-0.210365,0.090471,-0.149998,0.371962,0.139285,0.905398,11.609972,-45.670375,-166.088987
54212,NaN,4.980967,1.322523,6.467767,1.220167,0.317209,-1.639467,0.245844,-0.456352,0.082628,-0.150480,0.373898,0.140661,0.904307,11.770988,-45.936544,-166.107875
54213,NaN,5.693241,1.286704,6.097498,0.530851,0.124727,-1.389478,0.282716,-0.619488,0.109206,-0.151026,0.376572,0.142273,0.902853,11.958712,-46.298724,-166.135552
54214,NaN,7.112489,1.579686,5.815637,-0.437655,-0.449097,-0.511562,0.325926,-0.654098,0.156039,-0.151848,0.379385,0.144019,0.901259,12.149312,-46.684391,-166.131751
54215,NaN,8.215170,1.653317,5.949014,-0.999869,-0.616476,0.396774,0.290244,-0.593186,0.216740,-0.152909,0.382000,0.145437,0.899746,12.276321,-47.044472,-166.069963
54216,NaN,8.850507,1.344464,6.246112,-1.289310,-0.304713,1.022325,0.197178,-0.514996,0.252183,-0.154016,0.384345,0.146311,0.898416,12.318387,-47.364008,-165.964314
54217,NaN,9.153223,1.243867,6.704745,-1.175486,-0.076784,1.540479,0.143732,-0.416745,0.306266,-0.155322,0.386332,0.146764,0.897264,12.283589,-47.635634,-165.797184
54218,NaN,8.640235,1.264023,6.966381,-0.614736,0.091951,1.340580,0.138346,-0.308799,0.350594,-0.156906,0.387863,0.147022,0.896285,12.201908,-47.851604,-165.570794
54219,NaN,7.806703,1.163803,6.657643,-0.275938,0.202289,0.507492,0.193563,-0.228865,0.353992,-0.158659,0.388996,0.147459,0.895414,12.138413,-48.023221,-165.327621
54220,NaN,6.834484,1.317846,6.554105,0.373774,0.190328,-0.261395,0.276869,-0.177909,0.325511,-0.160494,0.389809,0.148281,0.894597,12.131671,-48.162564,-165.096522
54221,NaN,6.896602,1.351721,6.325408,0.220752,0.068544,-0.360303,0.298394,-0.202138,0.284245,-0.162157,0.390676,0.149301,0.893749,12.166600,-48.309873,-164.905651
54222,NaN,7.503903,0.889354,6.132791,-0.462160,0.316472,-0.096884,0.260444,-0.189311,0.185199,-0.163323,0.391445,0.150332,0.893027,12.238901,-48.438791,-164.793896
54223,NaN,7.196957,0.642823,6.060749,-0.396410,0.577245,-0.407811,0.215203,-0.200529,0.110228,-0.164039,0.392244,0.151322,0.892377,12.336221,-48.564870,-164.750686
54224,NaN,7.467001,1.285147,6.597082,0.062261,0.179939,0.231858,0.153556,-0.211644,0.098853,-0.164592,0.393134,0.152063,0.891758,12.404938,-48.695904,-164.716202
54225,NaN,8.116048,1.760933,6.967967,0.103782,-0.201774,1.025771,0.069728,-0.127503,0.067644,-0.164898,0.393690,0.152420,0.891395,12.434029,-48.775625,-164.693608
54226,NaN,7.653262,1.478960,7.164605,0.416606,0.216146,0.764223,0.001177,-0.011435,0.000366,-0.164864,0.393737,0.152509,0.891365,12.450176,-48.782512,-164.705385
54227,NaN,6.601278,1.088178,7.125289,0.896351,0.737361,-0.107864,-0.020370,0.012882,-0.065575,-0.164510,0.393635,0.152609,0.891459,12.492333,-48.766479,-164.768749
54228,NaN,6.601164,1.315643,6.911279,0.849285,0.451386,-0.213363,-0.039001,-0.032009,-0.095476,-0.163955,0.393733,0.152725,0.891498,12.549555,-48.772959,-164.865752
54229,NaN,7.512331,1.804541,6.630983,0.286192,-0.253019,0.361569,-0.031189,0.015613,-0.078044,-0.163522,0.393626,0.152800,0.891612,12.593324,-48.754868,-164.939774
54230,NaN,7.556928,1.919906,6.509357,0.215248,-0.412110,0.333679,-0.028047,0.151139,-0.075760,-0.163216,0.392914,0.152776,0.891986,12.618046,-48.661311,-164.985262
54231,NaN,7.014952,1.651763,6.072176,0.143723,-0.252939,-0.393319,0.033206,0.253228,-0.136729,-0.162826,0.391646,0.153062,0.892566,12.702435,-48.502428,-165.064132
54232,NaN,6.612786,1.376849,6.005893,0.215721,0.042967,-0.776818,0.118175,0.268519,-0.209444,-0.162299,0.390187,0.153856,0.893164,12.877642,-48.326234,-165.199008
54233,NaN,7.020460,1.300327,5.939133,-0.153259,0.029470,-0.526862,0.167667,0.248160,-0.243142,-0.161690,0.388744,0.154956,0.893713,13.105160,-48.155794,-165.366651
54234,NaN,7.345320,1.438120,6.135029,-0.215959,-0.053645,-0.137418,0.192773,0.296608,-0.242275,-0.161183,0.387071,0.156123,0.894327,13.336657,-47.958963,-165.520494
54235,NaN,7.904243,2.017773,7.063995,0.218972,-0.279669,0.972591,0.132499,0.252449,-0.149623,-0.160930,0.385713,0.156876,0.894828,13.481897,-47.798406,-165.605712
54236,NaN,8.969909,1.944363,7.233740,-0.423998,-0.320086,1.861409,0.002685,0.195381,-0.037408,-0.160891,0.384804,0.156878,0.895226,13.491476,-47.684874,-165.607639
54237,NaN,9.097566,1.367086,6.625747,-1.158942,-0.079077,1.464973,0.012352,0.334065,0.043280,-0.161331,0.383334,0.156656,0.895816,13.437642,-47.505315,-165.516991
54238,NaN,8.049252,1.237860,6.421797,-0.698086,0.110741,0.534407,0.039321,0.572662,0.063260,-0.162108,0.380781,0.156324,0.896822,13.353112,-47.194862,-165.362438
54239,NaN,6.806584,1.349741,6.724021,0.302011,0.319322,-0.160209,-0.013514,0.653653,0.041292,-0.162745,0.377882,0.155725,0.898036,13.241454,-46.835322,-165.212043
54240,NaN,6.554368,1.266095,6.760558,0.408745,0.425480,-0.330095,-0.099018,0.528268,0.052581,-0.163175,0.375627,0.154826,0.899059,13.094028,-46.547829,-165.078318
54241,NaN,6.609826,1.178028,7.049099,0.482253,0.582310,-0.107248,-0.183621,0.357577,0.054448,-0.163318,0.374211,0.153675,0.899821,12.921035,-46.355995,-164.976829
54242,NaN,6.920596,1.137189,6.833697,0.101930,0.452121,-0.031461,-0.168840,0.262061,0.046367,-0.163382,0.373202,0.152690,0.900396,12.775757,-46.215910,-164.900522
54243,NaN,8.608220,1.134166,5.482121,-1.897604,-0.411313,0.270523,-0.030899,0.498202,0.082266,-0.164036,0.371038,0.152063,0.901277,12.658786,-45.947574,-164.754104
54244,NaN,8.680160,1.474816,5.122782,-2.097640,-0.910560,0.113688,0.065323,1.098526,0.043223,-0.165155,0.366058,0.151449,0.903210,12.544377,-45.339155,-164.532497
54245,NaN,5.501928,1.458163,6.059838,0.523543,0.028937,-1.515507,0.090972,1.303271,-0.019962,-0.166183,0.360064,0.150886,0.905522,12.458465,-44.607059,-164.328645
54246,NaN,4.528890,1.179142,6.219192,1.089215,0.505069,-2.122584,0.194381,0.891106,-0.000429,-0.167170,0.355860,0.151100,0.906966,12.475320,-44.108920,-164.183993
54247,NaN,8.362589,1.390817,5.668624,-1.870968,-0.674348,0.189548,0.265092,0.866617,0.131892,-0.168855,0.351789,0.151416,0.908188,12.466670,-43.639267,-163.942975
54248,NaN,8.320983,1.557942,6.139358,-1.581742,-0.671809,0.502515,0.221635,1.112349,0.225210,-0.171074,0.346712,0.151159,0.909767,12.358241,-43.045016,-163.590344
54249,NaN,5.976294,1.620767,7.397794,0.728909,0.206915,-0.195227,0.154038,0.989237,0.245014,-0.173155,0.342252,0.150667,0.911142,12.222245,-42.520864,-163.250337
54250,NaN,5.426857,1.293289,7.884261,1.203297,0.778667,-0.261216,0.100532,0.403747,0.300773,-0.174968,0.340548,0.150334,0.911489,12.093949,-42.331493,-162.964983
54251,NaN,7.131204,0.869855,7.291005,-0.530638,0.539575,0.394994,0.141288,0.067431,0.303973,-0.176594,0.340345,0.150483,0.911227,12.026917,-42.330982,-162.735509
54252,NaN,7.463921,1.308022,6.735694,-0.895421,-0.154939,0.285075,0.213591,0.132126,0.348531,-0.178611,0.339812,0.150820,0.910977,11.969717,-42.298941,-162.458930
54253,NaN,5.960961,1.761236,6.555995,0.249519,-0.306394,-0.787173,0.225581,0.262878,0.347526,-0.180734,0.338674,0.151095,0.910937,11.906640,-42.193490,-162.163770
54254,NaN,4.537436,2.095322,7.446198,1.896368,0.069104,-1.047782,0.194106,0.008161,0.386004,-0.182793,0.338748,0.151392,0.910449,11.833190,-42.234915,-161.879087
54255,NaN,5.653693,1.638633,7.751274,1.108605,0.344751,-0.149169,0.134302,-0.374026,0.375814,-0.184405,0.340610,0.151783,0.909363,11.771046,-42.489512,-161.663487
54256,NaN,6.464304,0.923894,7.484220,0.128494,0.694041,0.094675,0.082719,-0.578168,0.344230,-0.185638,0.343417,0.152179,0.907989,11.715231,-42.854510,-161.501457
54257,NaN,7.232190,1.019410,7.314846,-0.391340,0.375077,0.509930,0.089036,-0.657955,0.433542,-0.187216,0.346659,0.152519,0.906375,11.622679,-43.276036,-161.282920
54258,NaN,9.747639,0.995398,7.164682,-2.136307,-0.252498,2.133506,0.079448,-0.638518,0.654701,-0.189799,0.349969,0.152415,0.904581,11.401569,-43.709937,-160.885916
54259,NaN,11.497210,0.285900,7.126496,-3.579622,-0.085805,3.234632,0.060837,-0.418515,0.785847,-0.193105,0.352400,0.151778,0.903044,11.068695,-44.033863,-160.347140
54260,NaN,10.279777,-0.147351,6.728112,-3.117785,0.370862,2.066048,0.044591,-0.069146,0.805521,-0.196734,0.353273,0.150700,0.902099,10.675251,-44.160447,-159.735530
54261,NaN,7.427266,-0.091587,5.897951,-1.630727,0.634744,-0.490877,0.142875,0.223542,0.682065,-0.200189,0.352642,0.149991,0.901704,10.374600,-44.107840,-159.178007
54262,NaN,3.624865,0.735726,5.662864,1.165837,0.758898,-3.193485,0.249641,0.267409,0.415203,-0.202669,0.351492,0.150191,0.901566,10.277560,-44.000436,-158.823232
54263,NaN,1.660689,1.610236,6.181919,3.189732,0.729117,-4.080251,0.347116,-0.177279,0.266005,-0.204313,0.352131,0.151533,0.900721,10.360547,-44.127969,-158.648363
54264,NaN,3.543144,1.830871,6.556811,2.285878,0.239169,-2.490481,0.431365,-0.996160,0.316851,-0.205710,0.356405,0.154008,0.898299,10.547244,-44.722864,-158.552541
54265,NaN,7.286147,1.697082,6.236945,-0.339497,-0.689393,-0.103154,0.423573,-1.491706,0.403079,-0.207084,0.362957,0.156792,0.894871,10.733387,-45.605398,-158.464207
54266,NaN,8.740072,1.834933,6.564695,-0.886143,-0.966960,1.193151,0.418860,-1.414779,0.461212,-0.208762,0.369198,0.159364,0.891467,10.875220,-46.451805,-158.318625
54267,NaN,7.714776,1.906189,7.377678,0.427269,-0.344488,1.016831,0.335269,-1.246836,0.531903,-0.210702,0.374827,0.161256,0.888316,10.907790,-47.212935,-158.091542
54268,NaN,7.420053,1.446795,7.966960,0.880538,0.440182,1.125851,0.226917,-1.344087,0.709076,-0.213157,0.381111,0.162421,0.884838,10.772929,-48.046337,-157.724075
54269,NaN,9.307694,1.102250,7.406995,-0.634364,0.043483,2.116466,0.150577,-1.335733,0.842329,-0.216034,0.387541,0.162977,0.881237,10.498092,-48.890046,-157.234095
54270,NaN,10.635587,1.080738,6.673585,-1.733573,-0.593295,2.655716,0.177109,-1.027059,0.872043,-0.219349,0.392570,0.163249,0.878137,10.166179,-49.559272,-156.653070
54271,NaN,10.174719,1.444624,6.423461,-1.298651,-0.906130,2.202480,0.176446,-0.553428,0.799775,-0.222711,0.395463,0.163134,0.876012,9.813747,-49.953597,-156.051644
54272,NaN,7.338404,1.428347,6.634597,0.571834,-0.068447,0.166201,0.140608,-0.381170,0.698644,-0.225708,0.397535,0.162867,0.874355,9.480594,-50.236751,-155.503706
54273,NaN,5.602765,1.245343,6.661115,1.562732,0.556932,-1.177892,0.123843,-0.560561,0.603882,-0.228107,0.400331,0.162907,0.872447,9.214804,-50.611022,-155.059545
54274,NaN,5.520374,1.028602,6.513152,1.466773,0.706191,-1.368569,0.113585,-0.759310,0.476127,-0.229763,0.403889,0.163390,0.870279,9.048493,-51.084680,-154.752630
54275,NaN,6.165112,0.916778,6.376689,1.023393,0.583689,-0.973978,0.065863,-0.752324,0.385569,-0.230929,0.407389,0.163829,0.868255,8.911267,-51.545338,-154.521051
54276,NaN,6.030255,0.739024,6.800310,1.342495,0.990553,-0.847736,0.021032,-0.795283,0.371027,-0.231902,0.411109,0.164157,0.866177,8.760290,-52.029104,-154.305146
54277,NaN,5.593793,0.610416,6.976120,1.708680,1.324048,-1.114648,-0.007894,-1.034529,0.404928,-0.232744,0.415917,0.164569,0.863574,8.591519,-52.651024,-154.089854
54278,NaN,6.956966,0.549294,6.434221,0.688396,0.790341,-0.378682,0.040271,-1.275374,0.463641,-0.233749,0.421740,0.165335,0.860326,8.424431,-53.413915,-153.843573
54279,NaN,7.682824,0.817764,6.323429,0.499454,0.363510,0.152103,0.021938,-1.325616,0.518331,-0.234887,0.427819,0.165959,0.856888,8.202280,-54.208392,-153.545012
54280,NaN,9.227266,0.965898,5.738492,-0.481168,-0.411527,1.077830,-0.087948,-1.107276,0.471017,-0.235769,0.433041,0.165949,0.854020,7.917336,-54.875332,-153.248939
54281,NaN,10.058427,0.872526,5.534778,-0.978137,-0.630706,1.642074,-0.123593,-0.778930,0.466274,-0.236807,0.436882,0.165406,0.851879,7.570397,-55.353944,-152.904868
54282,NaN,9.706515,0.907588,5.768327,-0.538134,-0.456598,1.492853,-0.169763,-0.456764,0.407784,-0.237770,0.439355,0.164409,0.850531,7.201011,-55.644535,-152.566649
54283,NaN,8.928901,0.927364,6.164186,0.185582,-0.091761,1.074892,-0.171136,-0.257464,0.349129,-0.238640,0.440943,0.163286,0.849681,6.852097,-55.817753,-152.256822
54284,NaN,7.841336,0.843139,6.695477,1.078980,0.504714,0.463876,-0.205187,-0.216857,0.292167,-0.239227,0.442337,0.162106,0.849017,6.526610,-55.961756,-151.997705
54285,NaN,7.492173,0.624529,6.463084,1.012790,0.651592,0.028232,-0.169336,-0.263955,0.273837,-0.239767,0.443853,0.161178,0.848250,6.241673,-56.128209,-151.763015
54286,NaN,8.739084,0.739208,5.860094,0.090355,-0.078585,0.734553,-0.082677,-0.150418,0.289038,-0.240664,0.444813,0.160443,0.847632,5.978468,-56.232695,-151.495260
54287,NaN,8.656999,0.803897,5.884819,0.202708,-0.118596,0.683300,-0.093381,0.047517,0.268727,-0.241610,0.444894,0.159470,0.847504,5.709943,-56.217919,-151.227802
54288,NaN,7.655104,0.615367,5.780683,0.526375,0.234626,-0.217719,-0.061814,0.041260,0.224926,-0.242434,0.444964,0.158735,0.847370,5.495655,-56.208195,-151.004624
54289,NaN,7.508239,0.610371,5.295136,0.279821,0.030393,-0.609134,-0.030376,-0.129149,0.216408,-0.243168,0.445689,0.158347,0.846851,5.318208,-56.291813,-150.804469
54290,NaN,7.858636,0.536130,4.777605,-0.260037,-0.258125,-0.607428,-0.017148,-0.193189,0.198912,-0.243795,0.446676,0.158143,0.846189,5.169369,-56.413717,-150.629533
54291,NaN,7.535630,0.824593,4.826746,0.113035,-0.386649,-0.834891,-0.006208,-0.236894,0.186381,-0.244347,0.447800,0.158072,0.845448,5.043207,-56.556761,-150.474079
54292,NaN,7.026935,0.925534,5.187388,0.688543,-0.152624,-1.057921,-0.016285,-0.365346,0.196912,-0.244831,0.449510,0.158086,0.844398,4.906994,-56.776377,-150.314296
54293,NaN,7.251768,0.709186,5.323117,0.592588,0.041520,-0.808598,-0.006590,-0.460388,0.201372,-0.245283,0.451599,0.158237,0.843123,4.775905,-57.048531,-150.155033
54294,NaN,7.449998,0.744624,5.603352,0.753171,0.108919,-0.492001,0.028181,-0.456877,0.190077,-0.245763,0.453630,0.158563,0.841830,4.673772,-57.319704,-150.006422
54295,NaN,7.432230,0.684692,5.599540,0.766459,0.178113,-0.515250,0.081994,-0.455141,0.175255,-0.246301,0.455553,0.159144,0.840524,4.614292,-57.586490,-149.872288
54296,NaN,8.365838,0.847427,5.297928,0.258950,-0.339558,0.116607,0.098875,-0.424110,0.222367,-0.247100,0.457380,0.159653,0.839200,4.517350,-57.840196,-149.682779
54297,NaN,10.156899,0.748503,4.894209,-0.871010,-0.927896,1.414800,0.086338,-0.101633,0.069412,-0.247474,0.457727,0.160064,0.838822,4.531058,-57.900506,-149.632593
54298,NaN,9.755376,0.749924,5.166860,-0.505008,-0.684280,1.219215,0.091073,0.201455,-0.055774,-0.247587,0.456715,0.160402,0.839275,4.636080,-57.784233,-149.687195
54299,NaN,9.441083,0.478005,5.474026,-0.339330,-0.222992,1.103467,0.103270,0.343107,-0.233116,-0.247105,0.454888,0.161021,0.840290,4.899172,-57.570786,-149.918657
54300,NaN,9.574371,0.496672,5.494976,-0.433666,-0.256121,1.226153,0.129143,0.441635,-0.409885,-0.246009,0.452531,0.162027,0.841690,5.320836,-57.299112,-150.323334
54301,NaN,8.694010,0.540258,5.688227,0.061692,0.054651,0.590500,0.106731,0.515283,-0.591109,-0.244135,0.449690,0.163275,0.843515,5.883821,-56.967727,-150.910941
54302,NaN,7.278286,0.123925,5.593607,0.366351,0.751640,-0.670608,0.029508,0.428863,-0.810318,-0.241108,0.447170,0.164774,0.845432,6.582303,-56.674195,-151.717372
54303,NaN,6.355118,-0.203477,4.914282,0.109324,0.967279,-1.835779,0.026038,0.256570,-1.088736,-0.236729,0.445104,0.167098,0.847302,7.529911,-56.448417,-152.825929
54304,NaN,5.372927,-0.077875,4.167268,0.104263,0.793709,-3.059966,0.108339,0.180212,-1.260860,-0.231750,0.443141,0.170223,0.849083,8.660888,-56.245388,-154.102072
54305,NaN,3.807664,0.273059,4.250023,1.092628,0.971254,-4.290173,0.120148,0.008524,-1.251170,-0.226656,0.441848,0.173588,0.850450,9.808639,-56.122250,-155.391563
54306,NaN,2.921752,0.162784,4.330016,1.515555,1.350676,-4.997004,0.087569,-0.282346,-1.187261,-0.221527,0.441902,0.176977,0.851074,10.915914,-56.159709,-156.656566
54307,NaN,4.026592,-0.027216,4.150652,0.723978,1.227634,-4.208175,0.149546,-0.596633,-1.118814,-0.216520,0.443255,0.180827,0.850850,12.064174,-56.365996,-157.926584
54308,NaN,6.551416,0.370404,4.168629,-0.344453,0.455770,-2.059716,0.288847,-0.769748,-0.984131,-0.212249,0.445309,0.185144,0.849925,13.224059,-56.673342,-159.110837
54309,NaN,8.830325,0.889847,4.685635,-0.880207,-0.060872,0.184415,0.358013,-0.729678,-0.826059,-0.208830,0.447238,0.189347,0.848832,14.300421,-56.965540,-160.144624
54310,NaN,10.116956,1.207736,4.960623,-1.180331,-0.313296,1.453495,0.387916,-0.522339,-0.710108,-0.206162,0.448364,0.193201,0.848021,15.264419,-57.151282,-161.020572
54311,NaN,10.359122,1.308246,5.289973,-1.038782,-0.171129,1.844829,0.392348,-0.249351,-0.624968,-0.204116,0.448398,0.196596,0.847718,16.100790,-57.191568,-161.741430
54312,NaN,10.146482,1.317151,5.683397,-0.689188,0.143437,1.870241,0.388938,-0.027927,-0.610264,-0.202348,0.447508,0.199716,0.847883,16.866717,-57.107678,-162.380009
54313,NaN,9.587685,1.124812,6.143179,-0.238510,0.704995,1.605415,0.302279,0.119419,-0.661889,-0.200306,0.446004,0.202431,0.848516,17.583933,-56.927348,-163.021117
54314,NaN,8.745131,0.425800,5.365153,-0.742973,1.079259,0.371918,0.150256,0.134243,-0.769822,-0.197485,0.444492,0.204726,0.849420,18.292281,-56.718135,-163.756664
54315,NaN,7.515887,-0.144613,4.142601,-1.265130,1.164027,-1.403488,0.133142,0.120961,-0.914140,-0.193984,0.442875,0.207280,0.850451,19.105406,-56.481187,-164.631649
54316,NaN,5.768963,-0.052835,4.388346,-0.165426,1.529391,-2.729292,0.200017,0.052638,-1.051377,-0.189983,0.441352,0.210481,0.851359,20.074389,-56.250415,-165.649864
54317,NaN,4.607274,0.301212,5.134878,1.112196,1.845218,-3.252009,0.324318,-0.259183,-1.041871,-0.185966,0.441014,0.214470,0.851426,21.187401,-56.175823,-166.758355
54318,NaN,4.646537,1.298686,5.386097,1.757068,1.208525,-2.903377,0.377872,-0.712217,-1.009550,-0.181709,0.442594,0.219039,0.850361,22.451288,-56.339047,-168.009945
54319,NaN,5.515698,1.440834,4.995763,1.108033,0.865059,-2.364209,0.269859,-0.915541,-0.914674,-0.177382,0.445223,0.223104,0.848845,23.659075,-56.615718,-169.266750
54320,NaN,7.206845,1.563637,4.105347,-0.325918,0.207922,-1.381374,0.324392,-0.905936,-0.895535,-0.173264,0.447762,0.227349,0.847231,24.900294,-56.876990,-170.520827
54321,NaN,7.929242,1.688319,4.363291,-0.458851,0.280961,-0.621860,0.204270,-0.763983,-0.816353,-0.169353,0.449875,0.230775,0.845976,25.973874,-57.069606,-171.655029
54322,NaN,9.016301,1.383883,3.570254,-1.722707,0.124219,-0.170520,0.240936,-0.691564,-0.867508,-0.165400,0.451579,0.234403,0.844852,27.090863,-57.200921,-172.812612
54323,NaN,10.310769,1.803867,3.634252,-2.173737,-0.163892,1.051035,0.359221,-0.434380,-0.935538,-0.161721,0.452003,0.238455,0.844203,28.226979,-57.170860,-173.913127
54324,NaN,10.947818,2.378186,4.146619,-1.921493,-0.280991,1.974278,0.330974,-0.133447,-0.977370,-0.158158,0.451118,0.242241,0.844273,29.248008,-56.967239,-174.895784
54325,NaN,10.356392,2.291107,4.179632,-1.688153,-0.058994,1.462008,0.288530,0.169760,-1.024280,-0.154673,0.448894,0.245691,0.845107,30.129618,-56.587831,-175.745444
54326,NaN,9.379890,2.192698,4.535033,-1.047389,0.343119,0.776966,0.247923,0.409248,-1.067996,-0.151192,0.445644,0.248891,0.846519,30.900488,-56.073495,-176.493049
54327,NaN,8.739621,2.143648,4.322036,-0.967101,0.352853,0.116814,0.131447,0.654537,-1.140905,-0.147439,0.441336,0.251556,0.848649,31.525776,-55.412069,-177.151922
54328,NaN,7.718187,2.140634,4.360063,-0.481071,0.454130,-0.717418,0.190345,0.844764,-1.057622,-0.144405,0.436262,0.254144,0.851019,32.022878,-54.679748,-177.617285
54329,NaN,6.621175,2.472354,4.568321,0.335321,0.358434,-1.411489,0.180164,0.823549,-1.006312,-0.141548,0.431304,0.256560,0.853298,32.463853,-53.968427,-178.026628
54330,NaN,5.951314,2.514685,4.585424,0.668211,0.382584,-1.927613,0.228074,0.579860,-0.918153,-0.138838,0.427475,0.259174,0.854879,32.967629,-53.402715,-178.481440
54331,NaN,6.344146,2.746786,4.872344,0.660172,0.396572,-1.390156,0.449150,0.234490,-0.897522,-0.136240,0.424966,0.262907,0.855408,33.712114,-53.003829,-179.083168
54332,NaN,7.255590,3.933144,5.034430,0.709031,-0.438676,-0.181325,0.204605,0.019033,-0.709357,-0.133638,0.423801,0.265349,0.855642,34.281469,-52.765535,-179.641852
54333,NaN,7.990368,3.718986,4.460058,-0.245028,-0.535612,0.047420,0.123381,-0.081749,-0.651110,-0.130978,0.423195,0.267372,0.855724,34.802664,-52.590688,179.798247
54334,NaN,8.317894,3.653663,4.136087,-0.719624,-0.609818,0.124804,0.128378,-0.031320,-0.667673,-0.128323,0.422342,0.269428,0.855903,35.312277,-52.383530,179.256857
54335,NaN,8.520863,3.686289,4.235431,-0.804286,-0.522639,0.346656,0.119182,0.018253,-0.706815,-0.125567,0.421223,0.271466,0.856219,35.807075,-52.138117,178.723706
54336,NaN,8.513563,3.705148,4.924832,-0.388630,-0.084285,0.689892,0.070128,0.008157,-0.829190,-0.122147,0.420007,0.273580,0.856638,36.349646,-51.852338,178.094523
54337,NaN,8.375947,3.675185,5.415404,-0.044198,0.283387,0.813097,-0.074041,-0.130089,-0.928577,-0.117802,0.419322,0.275356,0.857013,36.917876,-51.591709,177.323578
54338,NaN,8.682093,3.235329,5.292239,-0.547311,0.657541,0.823163,-0.020672,-0.191506,-0.997679,-0.113191,0.418768,0.277542,0.857200,37.575000,-51.330726,176.476789
54339,NaN,7.990939,3.613557,5.343491,0.034589,0.431765,0.447792,0.126271,-0.115606,-1.021059,-0.108912,0.417763,0.280330,0.857338,38.279500,-51.022188,175.671557
54340,NaN,7.230419,4.279933,5.591212,0.907522,0.071901,0.238632,0.181706,-0.105635,-0.964954,-0.104978,0.416751,0.283253,0.857360,38.975098,-50.721836,174.917609
54341,NaN,6.605710,4.629298,6.115590,1.747073,0.123621,0.157177,0.189516,-0.073811,-0.847054,-0.101619,0.415767,0.285921,0.857357,39.584102,-50.446598,174.276488
54342,NaN,6.595057,4.488859,5.746788,1.418687,0.092022,-0.083934,0.210391,-0.151073,-0.778693,-0.098473,0.415183,0.288590,0.857112,40.198324,-50.224246,173.643776
54343,NaN,6.938555,4.693122,5.527873,1.113295,-0.108807,0.161009,0.236617,-0.208837,-0.720073,-0.095555,0.414899,0.291257,0.856678,40.812351,-50.043509,173.026962
54344,NaN,7.326349,4.881665,4.898965,0.512199,-0.526590,0.235490,0.182864,-0.317197,-0.663488,-0.092602,0.415194,0.293640,0.856046,41.414348,-49.927708,172.386387
54345,NaN,8.096208,5.020171,4.162889,-0.418303,-0.929598,0.533364,0.155237,-0.373785,-0.654371,-0.089560,0.415740,0.295885,0.855331,42.012961,-49.834886,171.726266
54346,NaN,8.819510,5.220114,3.740458,-1.087945,-1.194984,0.976766,0.119302,-0.387572,-0.632441,-0.086501,0.416397,0.297955,0.854607,42.588811,-49.752369,171.070431
54347,NaN,8.985494,5.533588,4.042059,-0.887058,-1.187554,1.390010,-0.023039,-0.253821,-0.636431,-0.083335,0.416547,0.299347,0.854362,43.018675,-49.610457,170.496386
54348,NaN,8.733950,5.471853,4.393224,-0.545479,-0.905405,1.341052,-0.183045,-0.204600,-0.645470,-0.079862,0.416521,0.300067,0.854454,43.337332,-49.439911,169.948308
54349,NaN,8.185923,5.061179,4.628870,-0.226428,-0.456114,0.854636,-0.262212,-0.207298,-0.652735,-0.076206,0.416523,0.300437,0.854657,43.607021,-49.266971,169.401509
54350,NaN,7.678680,4.499089,4.331770,-0.339661,-0.193665,0.077465,-0.282542,-0.248901,-0.698946,-0.072229,0.416633,0.300852,0.854803,43.907520,-49.089980,168.799239
54351,NaN,7.303384,4.387061,4.158697,-0.276309,-0.202491,-0.338360,-0.138196,-0.366382,-0.749615,-0.068179,0.417121,0.302001,0.854492,44.360130,-48.941009,168.101590
54352,NaN,6.654588,4.673037,4.275614,0.313728,-0.395226,-0.639534,-0.023805,-0.510953,-0.776033,-0.064014,0.418129,0.303762,0.853697,44.957898,-48.833598,167.298864
54353,NaN,6.022708,5.026292,4.868473,1.255175,-0.365629,-0.673263,0.049593,-0.845148,-0.776197,-0.059502,0.420540,0.305920,0.852067,45.749112,-48.856349,166.293115
54354,NaN,6.392322,5.459335,4.663537,1.065013,-0.697564,-0.284142,0.212436,-0.980355,-0.614606,-0.055802,0.423699,0.308477,0.849828,46.628675,-48.987822,165.296558
54355,NaN,6.777329,5.691016,4.584591,0.891339,-0.786080,0.083033,0.176376,-0.946799,-0.524616,-0.052472,0.426845,0.310651,0.847671,47.432113,-49.134679,164.373508
54356,NaN,6.776601,5.670212,4.773182,1.057030,-0.591044,0.156755,0.128157,-0.837498,-0.447577,-0.049520,0.429655,0.312439,0.845770,48.129974,-49.263779,163.557362
54357,NaN,6.926050,5.731919,4.727177,0.990655,-0.576696,0.279730,0.081008,-0.767984,-0.454378,-0.046559,0.432161,0.314000,0.844081,48.769648,-49.358320,162.782004
54358,NaN,7.720762,5.537825,4.075093,0.004110,-0.577855,0.509605,0.176102,-0.635365,-0.391352,-0.044264,0.434178,0.315807,0.842494,49.375737,-49.423834,162.125271
54359,NaN,8.046558,5.604098,3.584330,-0.499036,-0.787685,0.585905,0.164398,-0.366443,-0.361430,-0.042515,0.435106,0.317414,0.841501,49.821201,-49.400232,161.669588
54360,NaN,8.478269,5.658049,3.380011,-0.889465,-0.810649,0.858329,0.090626,-0.174343,-0.370605,-0.040850,0.435225,0.318712,0.841031,50.134232,-49.298219,161.334155
54361,NaN,8.394432,5.425028,3.405055,-0.915296,-0.590902,0.689919,0.030931,-0.009363,-0.382764,-0.039288,0.434648,0.319728,0.841019,50.328216,-49.131775,161.108612
54362,NaN,7.938979,5.150276,3.567267,-0.638860,-0.345109,0.274470,-0.033824,0.032101,-0.424720,-0.037454,0.433833,0.320574,0.841201,50.484001,-48.928853,160.885384
54363,NaN,7.645549,4.824295,3.679079,-0.510044,-0.051848,-0.065848,0.091612,-0.111398,-0.426559,-0.035693,0.433583,0.321943,0.840883,50.774469,-48.778466,160.575507
54364,NaN,8.016045,5.236504,3.733624,-0.574785,-0.216756,0.445981,0.152032,-0.184200,-0.511078,-0.033551,0.433499,0.323795,0.840303,51.177500,-48.613689,160.163767
54365,NaN,7.643303,5.745877,3.869047,-0.084695,-0.568239,0.486553,0.169357,-0.257298,-0.499879,-0.031410,0.433725,0.325672,0.839544,51.611959,-48.479682,159.719845
54366,NaN,7.202426,6.035458,4.043880,0.406259,-0.741289,0.382403,0.117110,-0.313806,-0.474217,-0.029136,0.434243,0.327313,0.838720,52.040370,-48.373391,159.245719
54367,NaN,6.863114,5.962618,4.147877,0.668806,-0.653277,0.136472,0.083726,-0.418983,-0.449079,-0.026737,0.435239,0.328753,0.837719,52.487172,-48.313544,158.718990
54368,NaN,6.874553,5.944453,4.327163,0.793499,-0.484615,0.210069,0.046914,-0.491849,-0.416475,-0.024260,0.436599,0.329993,0.836599,52.940530,-48.290511,158.156671
54369,NaN,7.110864,5.995498,4.369499,0.708630,-0.396767,0.431490,0.012182,-0.485374,-0.389893,-0.021865,0.437964,0.330992,0.835556,53.351614,-48.276097,157.621565
54370,NaN,7.496549,5.880561,4.179295,0.312039,-0.276219,0.583078,-0.034943,-0.463598,-0.344944,-0.019554,0.439326,0.331724,0.834608,53.715326,-48.271055,157.116270
54371,NaN,7.559447,5.752563,3.991174,0.108354,-0.231247,0.487865,-0.053955,-0.378235,-0.324559,-0.017453,0.440357,0.332296,0.833883,54.010125,-48.246079,156.686633
54372,NaN,7.698026,5.474743,3.870221,-0.147306,-0.015635,0.394615,-0.082888,-0.288092,-0.303283,-0.015502,0.441055,0.332715,0.833385,54.238747,-48.197982,156.325247
54373,NaN,7.933064,5.336437,3.872825,-0.333366,0.183360,0.495806,-0.071553,-0.188326,-0.295361,-0.013795,0.441349,0.333136,0.833091,54.414446,-48.121215,156.041899
54374,NaN,8.108948,5.349120,3.963634,-0.377662,0.299296,0.668069,-0.026315,-0.098164,-0.301754,-0.012290,0.441251,0.333771,0.832913,54.574472,-48.009076,155.815408
54375,NaN,8.091032,5.340900,3.950559,-0.390999,0.320939,0.643936,0.034359,-0.035134,-0.317830,-0.010987,0.440865,0.334667,0.832776,54.737128,-47.871025,155.630452
54376,NaN,7.581411,5.352194,3.957295,-0.084751,0.206538,0.273642,0.113447,-0.035743,-0.323465,-0.009804,0.440460,0.335926,0.832498,54.950561,-47.727201,155.439012
54377,NaN,7.418661,5.513923,3.907234,0.020993,0.043606,0.222445,0.189557,-0.127683,-0.326744,-0.008664,0.440418,0.337478,0.831905,55.246497,-47.614032,155.192044
54378,NaN,7.469302,5.937713,3.762373,0.018759,-0.308549,0.439466,0.250131,-0.212849,-0.283835,-0.007650,0.440807,0.339224,0.830998,55.612881,-47.545176,154.898830
54379,NaN,6.900871,6.070315,3.689660,0.363685,-0.573044,0.067776,0.218104,-0.246262,-0.239965,-0.006706,0.441400,0.340721,0.830079,55.957308,-47.507186,154.608316
54380,NaN,6.399747,6.024448,3.559516,0.574061,-0.719785,-0.374832,0.163083,-0.348279,-0.225358,-0.005511,0.442449,0.341979,0.829011,56.322279,-47.506940,154.249039
54381,NaN,6.707626,6.090443,3.572904,0.436023,-0.637938,-0.104228,0.134991,-0.389371,-0.197756,-0.004335,0.443728,0.343033,0.827898,56.679219,-47.535642,153.878046
54382,NaN,7.025553,6.157524,3.565331,0.277041,-0.568614,0.166538,0.051462,-0.330883,-0.164281,-0.003176,0.444808,0.343689,0.827051,56.950521,-47.556368,153.559266
54383,NaN,7.146329,5.801270,3.548327,0.096961,-0.246174,0.048616,0.037088,-0.300394,-0.127762,-0.002207,0.445824,0.344186,0.826300,57.181908,-47.585763,153.282235
54384,NaN,7.468769,5.400442,3.468189,-0.264353,0.132413,0.030490,0.068401,-0.251364,-0.078421,-0.001577,0.446720,0.344719,0.825595,57.392464,-47.621484,153.059147
54385,NaN,7.615475,5.219718,3.259210,-0.548259,0.211785,-0.039361,0.095020,-0.140019,-0.034981,-0.001408,0.447241,0.345241,0.825095,57.541394,-47.646691,152.939352
54386,NaN,7.502793,5.549790,3.363898,-0.292097,-0.000644,0.103085,0.067874,-0.100986,-0.063257,-0.001099,0.447542,0.345736,0.824725,57.667197,-47.642754,152.830691
54387,NaN,8.019192,5.541276,3.280433,-0.666050,0.131140,0.449553,0.056684,0.000335,-0.148276,-0.000622,0.447282,0.346349,0.824610,57.756400,-47.569529,152.761506
54388,NaN,8.098889,5.500900,3.256171,-0.759967,0.187914,0.475249,0.038369,0.167257,-0.211045,-0.000102,0.446220,0.347050,0.824890,57.772300,-47.411783,152.778731
54389,NaN,7.696512,5.345089,3.443654,-0.456915,0.302600,0.155491,0.046852,0.273186,-0.247275,0.000348,0.444666,0.347853,0.825391,57.747548,-47.206296,152.857218
54390,NaN,7.383184,5.330413,3.427079,-0.318217,0.222744,-0.090621,0.079471,0.280581,-0.282731,0.000875,0.443010,0.348881,0.825847,57.751719,-46.979163,152.922719
54391,NaN,6.858564,5.514753,3.570687,0.130470,0.022988,-0.316133,0.139014,0.227189,-0.302120,0.001414,0.441518,0.350167,0.826101,57.816073,-46.759644,152.949712
54392,NaN,6.534070,5.832931,3.563877,0.396968,-0.296629,-0.369557,0.156641,0.122575,-0.285839,0.002060,0.440506,0.351518,0.826067,57.946893,-46.579239,152.902343
54393,NaN,6.558681,6.097124,3.486563,0.389142,-0.506049,-0.224166,0.161878,0.085506,-0.254787,0.002622,0.439698,0.352808,0.825945,58.086808,-46.425848,152.845286
54394,NaN,6.746287,6.348485,3.574667,0.398443,-0.560534,0.092911,0.121167,0.127942,-0.225558,0.003087,0.438767,0.353878,0.825981,58.174244,-46.273011,152.829534
54395,NaN,6.681292,6.314551,3.684863,0.487465,-0.472513,0.068126,0.090124,0.190499,-0.220987,0.003459,0.437588,0.354786,0.826215,58.206000,-46.106483,152.864940
54396,NaN,6.515024,6.223875,3.222847,0.203534,-0.709555,-0.272041,0.094774,0.210910,-0.221841,0.003820,0.436318,0.355737,0.826476,58.234899,-45.930405,152.909436
54397,NaN,6.114174,8.220728,4.054172,1.638400,-1.828618,0.928428,0.067231,0.224279,-0.130227,0.003816,0.435156,0.356357,0.826822,58.209502,-45.796953,153.006526
54398,NaN,9.567114,8.186767,7.235297,1.777477,1.132960,4.555996,-0.384280,-0.121534,0.193103,0.004097,0.435988,0.354417,0.827216,58.001669,-45.923304,152.998543
54399,NaN,11.490770,4.441590,3.865290,-2.994425,2.541197,2.486971,-0.408843,0.172810,-0.037766,0.004836,0.435199,0.352863,0.828291,57.701103,-45.850904,153.099189
54400,NaN,5.942781,5.869431,4.731847,1.473495,0.208727,-0.328892,-0.054725,0.406506,-0.103306,0.004692,0.433325,0.352942,0.829241,57.512027,-45.671813,153.328566
54401,NaN,7.816657,5.857087,4.596201,0.185322,0.726957,0.956149,-0.118201,-0.146407,-0.083968,0.005575,0.433767,0.352690,0.829110,57.552135,-45.671898,153.185565
54402,NaN,9.544616,5.695083,3.687889,-1.592760,0.874440,1.755920,-0.041595,-0.120632,-0.075266,0.006216,0.434128,0.352749,0.828892,57.623362,-45.668206,153.061924
54403,NaN,8.236432,6.321019,4.115093,-0.283553,0.246264,1.349169,-0.007552,0.013941,-0.069394,0.006510,0.433944,0.352929,0.828909,57.643622,-45.627288,153.035868
54404,NaN,7.831752,5.928420,3.943020,-0.275177,0.318111,0.763370,-0.025793,-0.028280,-0.034489,0.006785,0.433994,0.352968,0.828865,57.665289,-45.614924,152.994131
54405,NaN,7.655854,6.206138,4.026976,-0.019398,0.105866,0.833120,0.011053,-0.081379,0.001233,0.006894,0.434332,0.353056,0.828649,57.718534,-45.639120,152.936298
54406,NaN,7.213906,6.338231,3.870401,0.190534,-0.218715,0.536682,0.027340,-0.131815,0.008625,0.007057,0.434888,0.353217,0.828287,57.808521,-45.679239,152.841627
54407,NaN,6.851123,6.299264,3.577066,0.204321,-0.466400,0.144959,0.059315,-0.160928,-0.010788,0.007277,0.435546,0.353547,0.827799,57.937886,-45.720601,152.717646
54408,NaN,6.862276,6.261202,3.160146,-0.104419,-0.663805,-0.023487,0.076437,-0.153198,-0.032826,0.007543,0.436119,0.354001,0.827301,58.079926,-45.746784,152.589691
54409,NaN,6.937544,6.277264,2.727945,-0.453347,-0.888298,-0.118326,0.078432,-0.074289,-0.086166,0.007883,0.436271,0.354575,0.826972,58.199258,-45.723287,152.494219
54410,NaN,7.422025,6.197044,2.655096,-0.834466,-0.700467,0.154877,0.029084,0.048551,-0.153014,0.008393,0.435794,0.355103,0.826992,58.250595,-45.629721,152.454998
54411,NaN,7.614877,6.032351,2.950380,-0.808366,-0.334072,0.302411,-0.063323,0.202434,-0.201548,0.009026,0.434597,0.355355,0.827506,58.187210,-45.467154,152.501966
54412,NaN,6.867023,5.688119,3.480897,-0.092389,-0.007156,-0.240924,-0.152759,0.264867,-0.237604,0.009897,0.433066,0.355322,0.828313,58.053555,-45.267025,152.576085
54413,NaN,6.284245,5.228513,3.811917,0.346088,0.342728,-0.805884,-0.101190,0.173318,-0.226950,0.010755,0.431936,0.355459,0.828833,57.988838,-45.101686,152.593938
54414,NaN,6.465199,5.307678,4.122758,0.459499,0.531724,-0.513576,-0.001744,0.076230,-0.195161,0.011458,0.431268,0.355948,0.828962,58.021599,-44.979343,152.555576
54415,NaN,6.562166,5.522971,4.308722,0.584142,0.523852,-0.246358,0.077417,0.016925,-0.137389,0.011832,0.430955,0.356619,0.828831,58.107418,-44.905446,152.505192
54416,NaN,6.474380,5.712793,4.490187,0.821784,0.475046,-0.126906,0.106427,-0.036465,-0.106396,0.012135,0.430917,0.357359,0.828528,58.229580,-44.860291,152.427861
54417,NaN,6.511762,5.868433,4.625889,0.945475,0.467581,0.042657,0.114079,-0.133499,-0.092883,0.012515,0.431310,0.358077,0.828007,58.395969,-44.853257,152.293074
54418,NaN,6.504127,6.117343,4.566983,0.991812,0.265260,0.163724,0.127342,-0.219302,-0.069633,0.012948,0.432096,0.358812,0.827273,58.607776,-44.880477,152.105636
54419,NaN,6.913082,6.301103,4.357586,0.655582,0.161538,0.484265,0.121074,-0.228181,-0.030655,0.013242,0.432999,0.359430,0.826527,58.809378,-44.930695,151.927823
54420,NaN,7.199081,6.289288,3.908131,0.166678,0.019618,0.513357,0.124421,-0.174003,0.015260,0.013248,0.433747,0.359971,0.825899,58.972831,-44.985248,151.806748
54421,NaN,7.488896,6.224083,3.533705,-0.287521,-0.041561,0.542284,0.161665,-0.093339,0.054844,0.012864,0.434234,0.360579,0.825383,59.105552,-45.035299,151.758565
54422,NaN,7.453148,6.348544,3.261691,-0.412755,-0.295761,0.494310,0.176999,-0.002710,0.075783,0.012198,0.434388,0.361216,0.825034,59.197433,-45.068908,151.781379
54423,NaN,7.245339,6.350585,3.122110,-0.375379,-0.443357,0.298443,0.156885,0.067309,0.072772,0.011452,0.434261,0.361775,0.824866,59.244729,-45.082895,151.851292
54424,NaN,7.012048,6.375595,3.325874,-0.071170,-0.417912,0.222190,0.122252,0.094440,0.079371,0.010714,0.434016,0.362184,0.824826,59.256245,-45.089839,151.943281
54425,NaN,6.727483,6.218375,3.665323,0.309055,-0.196930,0.047714,0.105233,0.068056,0.100109,0.009967,0.433933,0.362471,0.824753,59.265654,-45.116960,152.024885
54426,NaN,6.826828,6.031684,3.586564,0.140359,-0.071525,-0.023642,0.118877,0.016114,0.074580,0.009399,0.434001,0.362872,0.824548,59.315310,-45.144508,152.060259
54427,NaN,7.273605,5.927262,3.437110,-0.269073,0.069706,0.176018,0.198806,0.027426,0.081067,0.008605,0.434042,0.363583,0.824221,59.402793,-45.172846,152.106524
54428,NaN,7.286810,5.959417,3.357296,-0.317167,0.010889,0.176455,0.228077,0.059352,0.064876,0.007761,0.433919,0.364455,0.823909,59.496427,-45.183083,152.168076
54429,NaN,6.922201,5.985319,3.346426,-0.084520,-0.125434,-0.070173,0.244713,0.094832,0.052618,0.006873,0.433615,0.365421,0.823650,59.583961,-45.175624,152.250336
54430,NaN,6.646574,6.162211,3.446841,0.217994,-0.276126,-0.122139,0.203140,0.071832,0.039542,0.006164,0.433392,0.366245,0.823407,59.664525,-45.169854,152.310176
54431,NaN,6.865057,6.002157,3.495071,0.072198,-0.049459,-0.047302,0.169419,0.021119,0.036814,0.005638,0.433373,0.366935,0.823113,59.752299,-45.177333,152.332387
54432,NaN,7.350607,6.061063,3.598962,-0.131504,0.137174,0.369862,0.159558,0.005830,0.043282,0.005130,0.433426,0.367569,0.822805,59.839666,-45.192566,152.347424
54433,NaN,7.627550,6.258721,3.670478,-0.182255,0.132622,0.712174,0.127970,-0.025817,0.086881,0.004569,0.433691,0.367975,0.822487,59.912059,-45.238833,152.357725
54434,NaN,7.821320,5.852938,3.303230,-0.684353,0.275095,0.473091,0.121289,0.022339,0.052384,0.004076,0.433692,0.368432,0.822285,59.966623,-45.253868,152.388062
54435,NaN,7.342779,5.997701,3.246297,-0.378673,-0.017912,0.201480,0.152594,0.125926,0.064928,0.003271,0.433298,0.368990,0.822246,59.984143,-45.246433,152.495823
54436,NaN,6.826197,6.078958,3.168773,-0.087236,-0.290549,-0.143159,0.098927,0.118424,0.043801,0.002684,0.432887,0.369375,0.822292,59.980326,-45.229685,152.590342
54437,NaN,6.751821,5.976106,3.285817,0.007978,-0.168462,-0.217424,0.038261,0.063992,0.014125,0.002443,0.432638,0.369564,0.822339,59.975206,-45.214072,152.636640
54438,NaN,6.754287,5.936471,3.416218,0.083813,-0.059364,-0.193847,-0.023942,0.032357,-0.013954,0.002518,0.432471,0.369568,0.822424,59.960752,-45.193339,152.646998
54439,NaN,6.699689,5.800835,3.617590,0.214087,0.143797,-0.244199,-0.075248,0.001215,-0.055792,0.002933,0.432356,0.369446,0.822538,59.943930,-45.161093,152.618773
54440,NaN,6.553059,5.904663,3.794048,0.457870,0.129221,-0.222271,-0.103714,-0.023962,-0.105258,0.003660,0.432252,0.369318,0.822648,59.938187,-45.111242,152.552370
54441,NaN,6.417132,6.030151,3.844700,0.612445,0.027520,-0.223726,-0.105172,-0.071236,-0.106062,0.004483,0.432341,0.369182,0.822658,59.955053,-45.074586,152.452378
54442,NaN,6.636540,6.053487,3.851576,0.486140,0.091640,-0.051629,-0.084487,-0.149153,-0.098146,0.005371,0.432764,0.369114,0.822460,60.020395,-45.064103,152.301049
54443,NaN,6.846936,6.265107,3.691640,0.310387,-0.080735,0.170170,-0.051718,-0.203900,-0.098489,0.006287,0.433410,0.369175,0.822086,60.130638,-45.069164,152.112110
54444,NaN,7.070691,6.421957,3.733762,0.258834,-0.084836,0.439287,-0.039236,-0.227710,-0.060840,0.007068,0.434226,0.369209,0.821634,60.250437,-45.099225,151.920533
54445,NaN,7.425565,6.377765,3.658715,-0.015773,0.028533,0.637194,-0.048544,-0.239776,-0.000478,0.007651,0.435199,0.369073,0.821175,60.354037,-45.161847,151.743928
54446,NaN,7.986163,6.445706,3.256370,-0.616564,-0.071126,0.936482,-0.045260,-0.182956,0.053736,0.007893,0.436041,0.368835,0.820833,60.415915,-45.235848,151.629496
54447,NaN,8.265335,6.337752,3.230689,-0.830229,0.081888,1.060409,-0.068114,-0.034925,0.085985,0.007768,0.436341,0.368430,0.820856,60.380630,-45.285600,151.633407
54448,NaN,7.779097,6.166536,3.322154,-0.516201,0.086034,0.642135,-0.111625,0.116261,0.105530,0.007390,0.436047,0.367818,0.821291,60.239341,-45.300572,151.751524
54449,NaN,7.605200,5.960318,3.404123,-0.422517,0.207879,0.421115,-0.131708,0.200130,0.112718,0.006871,0.435416,0.367104,0.821949,60.040951,-45.294772,151.932938
54450,NaN,7.616684,5.894468,3.426413,-0.449467,0.250357,0.396826,-0.151072,0.257647,0.100465,0.006340,0.434530,0.366344,0.822761,59.807675,-45.266075,152.148730
54451,NaN,7.330706,5.829108,3.554341,-0.221069,0.255753,0.199140,-0.187554,0.316178,0.079148,0.005867,0.433368,0.365479,0.823761,59.531215,-45.210110,152.396023
54452,NaN,6.862837,5.654239,3.677255,0.079875,0.280070,-0.194672,-0.200116,0.323871,0.047950,0.005537,0.432108,0.364631,0.824800,59.253248,-45.134789,152.635611
54453,NaN,6.327721,5.477788,3.925584,0.517002,0.363745,-0.590065,-0.145451,0.247565,0.062602,0.005166,0.431197,0.363971,0.825571,59.040761,-45.089295,152.827114
54454,NaN,6.521443,5.635643,4.021183,0.499225,0.352815,-0.321329,-0.076254,0.126193,0.068273,0.004845,0.430792,0.363583,0.825955,58.926160,-45.081112,152.936589
54455,NaN,6.768304,5.992039,3.893326,0.357625,0.086042,0.022817,0.014256,0.059221,0.068886,0.004444,0.430665,0.363560,0.826034,58.894894,-45.093210,153.000857
54456,NaN,6.822794,6.585560,3.614442,0.307073,-0.499862,0.318460,0.109687,0.059651,0.053994,0.003903,0.430513,0.363969,0.825936,58.923809,-45.097609,153.058101
54457,NaN,6.977501,6.987745,3.390612,0.177137,-0.874923,0.589883,0.153661,0.063765,0.049291,0.003288,0.430335,0.364572,0.825765,58.977833,-45.097938,153.115131
54458,NaN,7.145790,7.379346,3.222355,0.075096,-1.202792,0.885363,0.151510,0.091352,0.024347,0.002721,0.429998,0.365218,0.825657,59.023886,-45.078487,153.182019
54459,NaN,7.202975,7.819663,3.314218,0.238360,-1.445296,1.226711,0.137890,0.160526,-0.010942,0.002198,0.429303,0.365877,0.825729,59.036526,-45.021111,153.284146
54460,NaN,7.137794,7.991564,3.483047,0.442260,-1.485700,1.347146,0.058506,0.211873,-0.031698,0.001842,0.428364,0.366260,0.826048,58.986833,-44.938587,153.411228
54461,NaN,7.171839,7.972946,3.513748,0.415736,-1.442947,1.371881,-0.009683,0.282636,-0.076827,0.001689,0.427046,0.366455,0.826643,58.876568,-44.812703,153.568586
54462,NaN,7.177302,7.887375,3.641168,0.444158,-1.305997,1.371204,-0.065440,0.357736,-0.100278,0.001615,0.425376,0.366472,0.827497,58.706300,-44.652923,153.766635
54463,NaN,7.244881,7.784406,3.746475,0.405342,-1.154785,1.395496,-0.099910,0.387588,-0.088255,0.001504,0.423604,0.366318,0.828474,58.499366,-44.490264,153.989323
54464,NaN,7.235019,7.949529,3.948704,0.562595,-1.167255,1.565081,-0.115347,0.404688,-0.114958,0.001511,0.421709,0.366157,0.829511,58.285092,-44.308245,154.210574
54465,NaN,6.835384,7.896829,3.926290,0.747792,-1.277458,1.246558,-0.098371,0.361498,-0.079587,0.001407,0.420052,0.365985,0.830427,58.090869,-44.156120,154.417314
54466,NaN,6.172024,7.900810,4.030766,1.222770,-1.431672,0.827748,-0.027379,0.285753,0.007027,0.000939,0.418871,0.365929,0.831049,57.949841,-44.068455,154.606886
54467,NaN,6.020213,7.582823,3.982169,1.180537,-1.282223,0.510203,0.016334,0.102641,0.099799,0.000330,0.418626,0.365861,0.831202,57.893762,-44.081836,154.710989
54468,NaN,6.667567,7.401236,3.873594,0.637529,-1.022835,0.807427,0.040539,-0.048646,0.170729,-0.000348,0.419134,0.365743,0.830998,57.900842,-44.175154,154.743679
54469,NaN,7.501251,7.359783,3.776265,0.035534,-0.801773,1.325140,0.088233,-0.056218,0.194595,-0.001201,0.419726,0.365783,0.830682,57.934509,-44.282439,154.778492
54470,NaN,7.847550,7.502769,3.690291,-0.185637,-0.856920,1.620818,0.160339,0.043673,0.178912,-0.002333,0.419864,0.366144,0.830450,57.963956,-44.351682,154.877306
54471,NaN,8.005237,7.691867,3.617248,-0.266080,-0.995116,1.817964,0.211083,0.158015,0.188111,-0.003821,0.419555,0.366698,0.830356,57.967193,-44.391937,155.056207
54472,NaN,8.205595,8.120951,3.473199,-0.354263,-1.342299,2.163016,0.263411,0.305777,0.199980,-0.005737,0.418639,0.367436,0.830481,57.924634,-44.391706,155.342240
54473,NaN,8.277532,8.686587,3.411526,-0.266726,-1.779060,2.531406,0.319219,0.485426,0.168075,-0.007975,0.416923,0.368465,0.830870,57.839069,-44.322429,155.736470
54474,NaN,7.993417,9.244435,3.557778,0.177960,-2.186515,2.725234,0.277835,0.676231,0.088922,-0.010142,0.414257,0.369475,0.831731,57.664103,-44.154431,156.224923
54475,NaN,7.581655,9.519778,3.678915,0.580903,-2.446045,2.650107,0.125993,0.802295,0.079766,-0.012183,0.411056,0.369870,0.833115,57.350935,-43.941674,156.789800
54476,NaN,7.506546,9.492566,3.678627,0.572952,-2.478319,2.577577,0.038899,0.859425,0.142988,-0.014420,0.407726,0.369753,0.834766,56.944675,-43.739080,157.418052
54477,NaN,7.212223,9.326172,3.837521,0.767924,-2.378354,2.331180,-0.078272,0.829902,0.088373,-0.016139,0.404425,0.369258,0.836558,56.506723,-43.516897,157.998421
54478,NaN,6.779958,9.221800,3.891304,1.000861,-2.428620,1.987790,-0.202904,0.780177,0.050621,-0.017352,0.401261,0.368312,0.838472,56.035013,-43.288591,158.525352
54479,NaN,5.956809,8.925780,3.859800,1.385196,-2.497049,1.227999,-0.299262,0.644360,0.059445,-0.018159,0.398681,0.366956,0.840278,55.570750,-43.104645,158.963655
54480,NaN,4.815284,8.488914,4.010721,2.080300,-2.421630,0.244270,-0.291914,0.383713,0.070039,-0.018546,0.397215,0.365625,0.841543,55.224493,-43.008688,159.235532
54481,NaN,4.347008,8.090302,3.894273,2.176318,-2.357777,-0.367093,-0.332845,0.075371,0.122161,-0.018504,0.397144,0.364055,0.842258,54.976568,-43.036837,159.330601
54482,NaN,4.026523,7.653469,3.548019,2.027622,-2.366624,-0.999931,-0.329438,-0.218776,0.141606,-0.018018,0.398345,0.362477,0.842382,54.851581,-43.171183,159.246961
54483,NaN,4.023486,7.317542,3.302172,1.774636,-2.297289,-1.314908,-0.334022,-0.477841,0.152105,-0.017094,0.400662,0.360892,0.841983,54.838012,-43.396138,158.999339
54484,NaN,4.408740,7.049195,3.024524,1.267499,-2.189519,-1.334760,-0.338518,-0.634224,0.126470,-0.015775,0.403579,0.359337,0.841280,54.898235,-43.660421,158.639879
54485,NaN,4.487432,6.945720,3.001482,1.193613,-2.119722,-1.358638,-0.344897,-0.693352,0.089411,-0.014185,0.406684,0.357838,0.840452,54.998024,-43.927521,158.221884
54486,NaN,4.736038,6.594409,3.097501,1.007591,-1.744087,-1.359661,-0.372700,-0.689237,0.030766,-0.012295,0.409651,0.356327,0.839682,55.099357,-44.164095,157.778494
54487,NaN,5.037338,6.028360,2.933649,0.542321,-1.346643,-1.553475,-0.372041,-0.635252,-0.023772,-0.010257,0.412298,0.354944,0.839000,55.201330,-44.356170,157.339211
54488,NaN,5.137656,5.760627,2.619347,0.195096,-1.310035,-1.769862,-0.321740,-0.546375,-0.096291,-0.008192,0.414427,0.353890,0.838418,55.311504,-44.485118,156.927875
54489,NaN,5.243076,5.611633,2.358016,-0.090530,-1.320209,-1.888714,-0.274335,-0.452525,-0.179216,-0.006034,0.416019,0.353219,0.837931,55.437371,-44.543683,156.536305
54490,NaN,5.319852,5.485923,2.284445,-0.232459,-1.236748,-1.936695,-0.238105,-0.270309,-0.324197,-0.003675,0.416579,0.352974,0.837769,55.541467,-44.474218,156.202641
54491,NaN,4.998631,5.296313,2.437424,0.010134,-1.077675,-2.208957,-0.157765,-0.116648,-0.486190,-0.001071,0.416203,0.353414,0.837778,55.673041,-44.277031,155.896844
54492,NaN,4.561414,5.475301,2.668344,0.482150,-1.176816,-2.310158,-0.095345,-0.058756,-0.654997,0.002003,0.415284,0.354447,0.837796,55.861743,-43.981525,155.556874
54493,NaN,4.499851,5.661367,3.015113,0.783075,-1.094683,-2.093953,-0.104593,-0.095128,-0.802560,0.005789,0.414255,0.355763,0.837730,56.107420,-43.626064,155.127743
54494,NaN,4.769385,5.770047,3.331534,0.816159,-0.866302,-1.705735,-0.181034,-0.153134,-0.931479,0.010366,0.413224,0.356997,0.837671,56.364873,-43.226928,154.611961
54495,NaN,4.826754,5.857724,3.498996,0.872978,-0.768507,-1.536192,-0.245867,-0.247728,-1.067978,0.015829,0.412335,0.358248,0.837489,56.664866,-42.789779,153.978277
54496,NaN,4.706890,5.902960,3.662110,1.029638,-0.693935,-1.513972,-0.276452,-0.345588,-1.169368,0.021942,0.411652,0.359537,0.837134,57.006460,-42.332964,153.248851
54497,NaN,4.601945,5.823940,3.747277,1.090992,-0.564906,-1.589037,-0.297201,-0.471529,-1.261755,0.028722,0.411305,0.360921,0.836504,57.409293,-41.865493,152.406358
54498,NaN,4.576938,5.701268,3.713172,1.009944,-0.441963,-1.687130,-0.291810,-0.608701,-1.344684,0.036072,0.411366,0.362439,0.835533,57.881435,-41.396948,151.453957
54499,NaN,4.755229,5.647865,3.550324,0.726411,-0.362753,-1.660659,-0.273160,-0.751236,-1.417386,0.043954,0.411860,0.364155,0.834165,58.432554,-40.927641,150.391280
54500,NaN,4.818964,5.697021,3.355415,0.522866,-0.406850,-1.658075,-0.245034,-0.845853,-1.482113,0.052207,0.412616,0.366056,0.832482,59.038056,-40.448849,149.257339
54501,NaN,4.872219,5.709509,3.113291,0.284928,-0.444033,-1.704020,-0.225694,-0.928572,-1.533210,0.060790,0.413585,0.368111,0.830509,59.686969,-39.957390,148.064331
54502,NaN,4.999619,5.776165,2.905710,0.034768,-0.460041,-1.652439,-0.201989,-0.973496,-1.602908,0.069681,0.414594,0.370345,0.828312,60.363802,-39.435940,146.833866
54503,NaN,5.132380,5.758115,2.646090,-0.276723,-0.428540,-1.674033,-0.197337,-0.977855,-1.674841,0.078872,0.415441,0.372730,0.825991,61.043460,-38.866261,145.591139
54504,NaN,5.214434,5.778670,2.403167,-0.540917,-0.424974,-1.695788,-0.171422,-0.941295,-1.767863,0.088307,0.415942,0.375373,0.823583,61.719405,-38.230745,144.359512
54505,NaN,5.157067,5.810909,2.172673,-0.711679,-0.477011,-1.791023,-0.192534,-0.909085,-1.820963,0.097946,0.416149,0.378035,0.821168,62.359999,-37.546294,143.149955
54506,NaN,5.150045,5.837314,1.933242,-0.929183,-0.501624,-1.861708,-0.206883,-0.883246,-1.890779,0.107830,0.416075,0.380735,0.818716,62.969817,-36.811525,141.955674
54507,NaN,5.082241,5.775863,1.890750,-0.976421,-0.385649,-1.960237,-0.230135,-0.845065,-1.948526,0.117926,0.415665,0.383457,0.816258,63.539521,-36.025204,140.787574
54508,NaN,5.011064,5.672135,1.810484,-1.057798,-0.263608,-2.107385,-0.267917,-0.839297,-2.001528,0.128280,0.415069,0.386073,0.813763,64.067546,-35.203617,139.628625
54509,NaN,4.887302,5.463220,1.894962,-0.989585,-0.014684,-2.306537,-0.288117,-0.844062,-2.059542,0.138916,0.414306,0.388696,0.811152,64.571694,-34.342400,138.469403
54510,NaN,4.913532,5.278330,1.913857,-1.055683,0.263152,-2.431559,-0.270799,-0.896997,-2.121993,0.149844,0.413603,0.391412,0.808255,65.086123,-33.455674,137.280764
54511,NaN,5.349975,5.405210,2.166167,-1.155716,0.697764,-2.021263,-0.252315,-0.951739,-2.192465,0.161114,0.412929,0.394271,0.805035,65.614707,-32.534014,136.059480
54512,NaN,6.109426,5.268606,2.271311,-1.578632,1.445401,-1.709722,-0.145909,-0.914533,-2.402969,0.172904,0.411722,0.397942,0.801394,66.190820,-31.486089,134.827456
54513,NaN,5.284850,6.179892,2.473270,-0.912390,0.659603,-1.388476,-0.019317,-0.993354,-2.431148,0.184681,0.410804,0.402060,0.797171,66.836614,-30.428021,133.566159
54514,NaN,5.364683,6.509100,2.364972,-1.072304,0.645564,-1.142542,0.006812,-1.102527,-2.477436,0.196767,0.410187,0.406186,0.792491,67.500895,-29.359734,132.254524
54515,NaN,5.233412,6.374313,2.210181,-1.154609,0.766516,-1.387655,0.085346,-1.192054,-2.576009,0.209233,0.409713,0.410676,0.787211,68.213778,-28.242699,130.892992
54516,NaN,4.741371,6.538977,2.052272,-1.023326,0.473003,-1.555797,0.177849,-1.269208,-2.591696,0.221680,0.409532,0.415379,0.781410,68.963999,-27.120466,129.511801
54517,NaN,4.337959,6.619841,1.775895,-1.041103,0.227872,-1.771879,0.294516,-1.447308,-2.625690,0.234347,0.410006,0.420336,0.774787,69.795472,-25.997057,128.047469
54518,NaN,4.079950,6.792574,1.386374,-1.233603,-0.014195,-1.864024,0.432400,-1.607013,-2.630980,0.247027,0.411161,0.425533,0.767363,70.706296,-24.884026,126.519494
54519,NaN,3.839688,7.327602,0.942248,-1.499205,-0.446935,-1.635070,0.378945,-1.675368,-2.542526,0.259568,0.412592,0.430174,0.759830,71.557200,-23.808466,125.001445
54520,NaN,3.515174,6.808747,0.635180,-1.572337,-0.353271,-2.294826,0.455693,-1.852483,-2.543892,0.272269,0.414701,0.434757,0.751585,72.454533,-22.744603,123.408352
54521,NaN,3.622690,6.642898,0.184189,-1.992207,-0.161526,-2.512943,0.762398,-2.032169,-2.690172,0.285202,0.417459,0.440447,0.741886,73.538243,-21.603468,121.715604
54522,NaN,3.918810,7.536949,0.225915,-2.123502,-0.063651,-1.585006,0.754634,-1.920746,-2.683224,0.297793,0.419695,0.446105,0.732234,74.547461,-20.422251,120.125636
54523,NaN,4.057263,8.488548,0.088736,-2.344867,-0.140807,-0.702252,0.630382,-1.847614,-2.630960,0.310232,0.421477,0.451195,0.722867,75.427733,-19.231918,118.617211
54524,NaN,3.928842,8.955976,0.280118,-2.136068,-0.087147,-0.265566,0.427158,-1.758572,-2.520597,0.322394,0.422763,0.455328,0.714150,76.129742,-18.073796,117.208395
54525,NaN,4.069774,8.832196,0.249499,-2.206634,0.334167,-0.344517,0.432794,-1.686485,-2.530056,0.334355,0.423675,0.459522,0.705369,76.789659,-16.882325,115.862428
54526,NaN,3.868760,9.059428,0.456171,-1.938980,0.424130,-0.153336,0.526410,-1.643744,-2.548340,0.345986,0.424452,0.464033,0.696282,77.461837,-15.662996,114.563777
54527,NaN,3.687001,9.454212,0.465354,-1.867208,0.417055,0.163553,0.696315,-1.629499,-2.603520,0.357350,0.425240,0.469176,0.686546,78.199370,-14.393124,113.287926
54528,NaN,3.396553,10.160741,0.437942,-1.814666,0.224491,0.752276,0.708424,-1.568844,-2.527544,0.368179,0.425918,0.474181,0.676898,78.899039,-13.146369,112.081735
54529,NaN,3.201552,10.292794,0.393339,-1.764970,0.288331,0.824092,0.693302,-1.570938,-2.471312,0.378789,0.426610,0.478913,0.667207,79.560565,-11.914947,110.899620
54530,NaN,3.035777,10.260003,0.356550,-1.702750,0.416677,0.748149,0.713251,-1.528463,-2.400810,0.388915,0.427271,0.483523,0.657564,80.197278,-10.708766,109.770951
54531,NaN,2.893426,10.288107,0.233500,-1.734959,0.513526,0.722581,0.684498,-1.479872,-2.282860,0.398536,0.427913,0.487792,0.648165,80.786274,-9.550162,108.696908
54532,NaN,2.658210,10.205338,0.245575,-1.599442,0.572530,0.598074,0.711722,-1.440574,-2.189551,0.407604,0.428626,0.491922,0.638867,81.360975,-8.432940,107.671476
54533,NaN,2.728431,10.303767,0.217507,-1.608017,0.860750,0.691004,0.741755,-1.390614,-2.087325,0.416104,0.429417,0.495954,0.629673,81.928059,-7.356805,106.695271
54534,NaN,2.721510,10.632225,0.252816,-1.547505,1.049937,1.004555,0.760206,-1.307308,-1.956622,0.423859,0.430237,0.499844,0.620803,82.477994,-6.341711,105.791962
54535,NaN,2.809865,10.890915,0.185698,-1.595120,1.314088,1.244701,0.789832,-1.246176,-1.850704,0.431022,0.431131,0.503665,0.612101,83.025461,-5.371351,104.940956
54536,NaN,3.064803,11.335076,0.109501,-1.700179,1.717165,1.678385,0.825409,-1.154543,-1.767540,0.437549,0.431971,0.507532,0.603625,83.571751,-4.436682,104.160377
54537,NaN,3.203975,11.898363,0.204287,-1.607827,2.046627,2.233036,0.846040,-1.065340,-1.672177,0.443475,0.432778,0.511400,0.595401,84.114442,-3.541204,103.444905
54538,NaN,2.999849,12.277956,0.226982,-1.480851,2.046347,2.573339,0.835186,-0.999089,-1.576773,0.448909,0.433556,0.515107,0.587515,84.635574,-2.692140,102.783251
54539,NaN,2.908169,12.454566,0.209077,-1.402025,2.158765,2.716759,0.799970,-0.976502,-1.509589,0.454129,0.434321,0.518574,0.579838,85.127625,-1.872338,102.144356
54540,NaN,2.927670,12.330328,0.200535,-1.318958,2.387098,2.564985,0.720575,-0.950825,-1.423207,0.459151,0.435012,0.521622,0.572586,85.562964,-1.097662,101.532648
54541,NaN,2.946980,11.930474,0.284943,-1.130350,2.623284,2.143050,0.673308,-0.924175,-1.325606,0.463895,0.435739,0.524352,0.565675,85.964553,-0.371550,100.945180
54542,NaN,2.906222,11.608363,0.368024,-0.942129,2.772248,1.795935,0.638131,-0.876630,-1.232468,0.468287,0.436460,0.526840,0.559151,86.337115,0.305461,100.394378
54543,NaN,2.833456,11.335238,0.459692,-0.746792,2.868062,1.498450,0.621582,-0.815019,-1.125416,0.472224,0.437228,0.529170,0.553005,86.696270,0.927978,99.886351
54544,NaN,2.781440,11.085099,0.559876,-0.551547,2.963945,1.225355,0.619955,-0.726194,-1.014354,0.475597,0.438012,0.531423,0.547305,87.048608,1.491788,99.436901
54545,NaN,2.559788,10.949311,0.729282,-0.268340,2.885282,1.076461,0.633843,-0.630791,-0.881676,0.478300,0.438905,0.533635,0.542056,87.408224,1.985843,99.048849
54546,NaN,2.447361,10.890469,0.813162,-0.092079,2.883377,1.000715,0.650717,-0.548556,-0.744122,0.480358,0.439962,0.535758,0.537264,87.774870,2.404829,98.714559
54547,NaN,2.415257,10.878392,0.924859,0.099336,2.949930,0.972272,0.684394,-0.449619,-0.600712,0.481669,0.441212,0.537886,0.532921,88.162974,2.745713,98.442829
54548,NaN,2.452315,10.915742,1.040544,0.284893,3.071617,0.991626,0.700629,-0.340707,-0.458379,0.482268,0.442577,0.539986,0.529111,88.560735,3.008904,98.237908
54549,NaN,2.338280,10.992958,1.211019,0.544138,3.037625,1.061842,0.660084,-0.221440,-0.303766,0.482206,0.443943,0.541918,0.526038,88.939581,3.185627,98.105754
54550,NaN,2.225386,10.900594,1.282921,0.705806,2.967587,0.963024,0.642855,-0.097213,-0.192102,0.481557,0.445232,0.543845,0.523549,89.311165,3.301104,98.046346
54551,NaN,2.286398,10.814904,1.311387,0.794901,3.053948,0.862080,0.617910,0.038653,-0.121224,0.480392,0.446300,0.545876,0.521594,89.674466,3.376370,98.066645
54552,NaN,1.797593,10.629443,1.470487,1.086902,2.601821,0.695765,0.609831,0.139110,-0.034426,0.478750,0.447311,0.547922,0.520089,90.035097,3.402595,98.144575
54553,NaN,1.376039,10.642947,1.552798,1.287472,2.208657,0.724911,0.543117,0.151051,0.039733,0.477018,0.448337,0.549657,0.518965,90.359206,3.385288,98.229952
54554,NaN,1.047683,10.415078,1.631885,1.464982,1.885354,0.508825,0.449466,0.143999,0.096297,0.475375,0.449304,0.550997,0.518216,90.628058,3.335723,98.310327
54555,NaN,0.852642,10.290088,1.659159,1.563994,1.686611,0.389021,0.385518,0.109690,0.129143,0.473870,0.450300,0.552017,0.517643,90.860023,3.266465,98.371443
54556,NaN,0.593704,10.284041,1.562386,1.541729,1.410513,0.394589,0.279028,0.077768,0.132280,0.472696,0.451130,0.552672,0.517295,91.028857,3.196282,98.413071
54557,NaN,0.351497,10.155088,1.497721,1.538372,1.145147,0.277631,0.186405,0.026061,0.154356,0.471804,0.451938,0.552918,0.517141,91.143796,3.113054,98.425538
